{
  "throughput": 
[131.48,27.49,17.05,16.82,19.51,25.96,24.65,190.16,17.13,21.58,24.73,24.58,21.43,18.74,21.12,20.43,20.43,22.04,0.54,0.77,6.60,5.53,1.23,5.45,1.92,135.59,14.82,13.21,12.04,16.35,11.58,16.20,12.38,13.29,11.90,13.82,90.58,18.19,17.44,9.37,19.05,10.40,16.13,109.89,14.91,15.73,9.94,13.02,17.10,10.80,14.64,13.75,128.33,13.06,13.75,12.90,12.31,11.28,13.47,13.95,14.59,13.89,9.12,212.12,32.87,39.32,37.63,31.87,35.94,34.48]
,
  "rssi": 
[0,-63.68,-66.58,-66.33,-64.98,-65.80,-60.27,0,-66.46,-59.99,-63.10,-66.30,-66.80,-63.43,-61.06,-67.93,-60.34,0,-68.27,-64.65,-60.57,-65.35,-66.47,-60.78,-62.34,0,-55.25,-57.51,-61.84,-59.61,-64.80,-50.19,-61.43,-58.38,-61.84,-59.07,0,-63.11,-62.06,-63.42,-55.53,-62.98,-58.79,0,-60.70,-62.36,-65.18,-64.01,-62.89,-64.92,-63.49,-59.93,0,-59.72,-56.39,-58.95,-61.22,-64.92,-60.10,-61.33,-50.91,-59.65,-64.77,0,-68.33,-62.92,-61.11,-57.19,-65.13,-61.59]
,
  "interference": 
[[0,-93.68,-82.35,-96.98,-100.95,-110.65,-119.98,-129.45], [-93.68,0,-99.99,-79.34,-110.65,-100.95,-126.44,-122.99], [-82.35,-99.99,0,-90.67,-79.34,-96.98,-100.95,-113.66], [-99.99,-82.35,-93.68,0,-96.98,-79.34,-110.65,-103.96], [-103.96,-113.66,-82.35,-96.98,0,-90.67,-79.34,-99.99], [-113.66,-103.96,-99.99,-79.34,-90.67,0,-96.98,-82.35], [-122.99,-129.45,-103.96,-110.65,-79.34,-96.98,0,-93.68], [-129.45,-122.99,-113.66,-100.95,-96.98,-79.34,-90.67,0]]
,
  "sinr": 
[401,25.72,21.82,24.83,24.54,25.60,25.63,401,21.84,33.66,30.76,26.89,27.45,29.51,31.27,25.56,32.07,401,19.59,24.33,24.56,22.30,16.46,26.38,27.25,401,39.75,37.49,33.16,35.39,30.20,44.81,33.57,36.62,33.16,35.93,401,26.50,31.11,28.29,35.67,28.88,32.25,401,28.46,29.13,24.29,26.22,28.93,22.32,30.97,34.18,401,34.27,37.47,34.86,30.43,29.67,33.38,32.75,41.39,34.64,22.53,401,24.98,31.63,33.11,35.17,28.54,32.80]
}
{
  "throughput": 
[131.48,27.49,17.05,16.82,19.51,25.96,24.65,190.16,17.13,21.58,24.73,24.58,21.43,18.74,21.12,20.43,20.43,22.04,0.54,0.77,6.60,5.53,1.23,5.45,1.92,135.59,14.82,13.21,12.04,16.35,11.58,16.20,12.38,13.29,11.90,13.82,90.58,18.19,17.44,9.37,19.05,10.40,16.13,109.89,14.91,15.73,9.94,13.02,17.10,10.80,14.64,13.75,128.33,13.06,13.75,12.90,12.31,11.28,13.47,13.95,14.59,13.89,9.12,212.12,32.87,39.32,37.63,31.87,35.94,34.48]
,
  "rssi": 
[0,-63.68,-66.58,-66.33,-64.98,-65.80,-60.27,0,-66.46,-59.99,-63.10,-66.30,-66.80,-63.43,-61.06,-67.93,-60.34,0,-68.27,-64.65,-60.57,-65.35,-66.47,-60.78,-62.34,0,-55.25,-57.51,-61.84,-59.61,-64.80,-50.19,-61.43,-58.38,-61.84,-59.07,0,-63.11,-62.06,-63.42,-55.53,-62.98,-58.79,0,-60.70,-62.36,-65.18,-64.01,-62.89,-64.92,-63.49,-59.93,0,-59.72,-56.39,-58.95,-61.22,-64.92,-60.10,-61.33,-50.91,-59.65,-64.77,0,-68.33,-62.92,-61.11,-57.19,-65.13,-61.59]
,
  "interference": 
[[0,-93.68,-82.35,-96.98,-100.95,-110.65,-119.98,-129.45], [-93.68,0,-99.99,-79.34,-110.65,-100.95,-126.44,-122.99], [-82.35,-99.99,0,-90.67,-79.34,-96.98,-100.95,-113.66], [-99.99,-82.35,-93.68,0,-96.98,-79.34,-110.65,-103.96], [-103.96,-113.66,-82.35,-96.98,0,-90.67,-79.34,-99.99], [-113.66,-103.96,-99.99,-79.34,-90.67,0,-96.98,-82.35], [-122.99,-129.45,-103.96,-110.65,-79.34,-96.98,0,-93.68], [-129.45,-122.99,-113.66,-100.95,-96.98,-79.34,-90.67,0]]
,
  "sinr": 
[401,25.72,21.82,24.83,24.54,25.60,25.63,401,21.84,33.66,30.76,26.89,27.45,29.51,31.27,25.56,32.07,401,19.59,24.33,24.56,22.30,16.46,26.38,27.25,401,39.75,37.49,33.16,35.39,30.20,44.81,33.57,36.62,33.16,35.93,401,26.50,31.11,28.29,35.67,28.88,32.25,401,28.46,29.13,24.29,26.22,28.93,22.32,30.97,34.18,401,34.27,37.47,34.86,30.43,29.67,33.38,32.75,41.39,34.64,22.53,401,24.98,31.63,33.11,35.17,28.54,32.80]
}
