{
  "throughput": 
[134.48,27.49,30.41,32.41,28.72,15.44,100.99,11.83,14.90,14.21,1.92,7.45,10.06,15.67,14.21,10.75,65.74,7.68,8.60,8.99,8.45,5.45,8.14,8.06,3.07,7.30,57.14,9.06,13.82,16.28,3.76,14.21,59.67,9.98,3.99,8.60,8.91,7.07,10.60,10.52,36.10,3.61,3.84,5.53,2.84,1.38,4.07,5.68,2.30,6.84,139.93,19.35,17.51,15.28,18.36,18.74,18.66,12.29,19.74,90.91,9.68,3.21,7.66,10.21,9.60,12.36,10.37,10.44,9.29,8.07]
,
  "rssi": 
[0,-62.55,-62.50,-51.44,-59.82,-64.78,0,-60.35,-61.23,-61.83,-65.94,-62.78,-60.96,-65.73,-54.62,-59.71,0,-64.35,-62.29,-54.12,-51.95,-65.63,-63.76,-61.51,-65.19,-64.56,0,-64.06,-57.73,-57.88,-68.30,-64.29,0,-60.29,-67.87,-60.42,-67.18,-63.74,-65.64,-61.58,0,-65.28,-65.26,-63.36,-65.19,-66.03,-64.59,-67.98,-66.27,-55.96,0,-63.77,-58.56,-61.80,-66.80,-53.19,-57.85,-66.98,-53.53,0,-50.36,-62.23,-61.88,-55.84,-50.96,-55.67,-51.92,-48.71,-51.82,-59.52]
,
  "interference": 
[[0,-88.20,-75.93,-92.78,-93.68,-103.02,-108.87,-112.05], [-88.20,0,-92.78,-75.93,-103.02,-93.68,-115.06,-105.86], [-75.93,-92.78,0,-88.20,-75.93,-92.78,-93.68,-100.00], [-92.78,-75.93,-88.20,0,-92.78,-75.93,-103.02,-90.67], [-93.68,-103.02,-75.93,-92.78,0,-88.20,-75.93,-89.77], [-103.02,-93.68,-92.78,-75.93,-88.20,0,-92.78,-72.92], [-108.87,-115.06,-93.68,-103.02,-75.93,-92.78,0,-85.19], [-115.06,-108.87,-103.02,-93.68,-92.78,-75.93,-88.20,0]]
,
  "sinr": 
[401,26.41,28.54,34.73,27.52,18.51,401,25.72,29.79,28.14,17.34,23.01,23.70,26.38,30.88,26.66,401,24.16,21.00,31.04,36.55,16.66,23.29,21.98,17.85,18.23,401,18.24,26.03,28.06,18.01,20.32,401,28.96,15.44,22.15,19.39,19.78,19.83,22.00,401,18.15,18.59,19.93,17.67,16.30,20.93,22.36,17.17,32.51,401,25.60,25.11,24.68,23.47,32.10,31.09,21.67,33.66,401,35.37,20.99,23.65,28.83,36.85,31.70,35.40,40.31,37.57,24.39]
}
