{
  "throughput": 
[113.40,19.12,13.54,21.12,22.73,20.38,16.50,77.87,12.59,11.04,13.21,13.27,13.41,14.36,136.48,27.72,26.81,27.43,31.41,23.10,43.11,5.53,6.45,4.04,5.06,2.28,2.12,5.61,6.76,5.27,125.21,21.73,1.87,21.89,20.66,19.12,21.04,18.89,69.27,8.76,1.15,10.21,1.91,11.52,10.91,7.83,10.91,6.07,200.37,20.97,24.73,23.88,22.89,22.27,19.28,19.28,21.89,25.19,61.13,0.38,9.22,8.83,8.83,0.46,7.68,8.06,1.54,10.06,6.07]
,
  "rssi": 
[0,-56.21,-63.91,-55.23,-56.14,-59.86,-64.39,0,-63.41,-64.50,-54.52,-59.51,-62.81,-56.92,0,-58.83,-63.39,-62.88,-51.12,-64.72,0,-57.71,-56.55,-63.17,-63.69,-64.69,-61.10,-60.83,-57.82,-61.31,0,-54.63,-65.43,-42.63,-63.74,-55.76,-50.67,-49.46,0,-63.70,-68.29,-47.78,-64.57,-58.38,-58.55,-65.68,-59.68,-66.86,0,-63.91,-64.84,-59.84,-67.79,-62.99,-64.37,-65.92,-52.71,-62.07,0,-67.73,-67.84,-64.37,-59.40,-67.81,-62.20,-55.47,-64.82,-60.18,-63.49]
,
  "interference": 
[[0,-85.19,-72.92,-89.77,-90.67,-103.02,-108.87,-115.06], [-85.19,0,-89.77,-72.92,-100.00,-93.68,-115.06,-108.87], [-72.92,-89.77,0,-85.19,-72.92,-92.78,-93.68,-103.02], [-89.77,-72.92,-85.19,0,-89.77,-75.93,-103.02,-93.68], [-90.67,-100.00,-72.92,-89.77,0,-88.20,-75.93,-92.78], [-100.00,-90.67,-89.77,-72.92,-85.19,0,-92.78,-75.93], [-105.86,-112.05,-90.67,-100.00,-72.92,-92.78,0,-88.20], [-112.05,-105.86,-100.00,-90.67,-89.77,-75.93,-88.20,0]]
,
  "sinr": 
[401,36.27,20.04,35.08,30.07,26.48,29.36,401,31.06,28.92,38.98,34.89,31.59,37.12,401,35.95,31.44,31.97,43.53,30.09,401,34.41,35.40,27.17,28.78,23.94,28.77,30.91,34.93,30.39,401,35.50,19.08,45.58,24.59,32.14,40.57,41.34,401,19.19,15.44,34.18,17.64,30.95,21.72,18.35,25.72,25.41,401,23.37,25.33,29.85,25.45,29.55,23.61,25.34,35.25,30.10,401,17.27,24.27,27.04,29.82,24.68,22.71,33.16,18.77,26.13,20.53]
}
{
  "throughput": 
[113.40,19.12,13.54,21.12,22.73,20.38,16.50,77.87,12.59,11.04,13.21,13.27,13.41,14.36,136.48,27.72,26.81,27.43,31.41,23.10,43.11,5.53,6.45,4.04,5.06,2.28,2.12,5.61,6.76,5.27,125.21,21.73,1.87,21.89,20.66,19.12,21.04,18.89,69.27,8.76,1.15,10.21,1.91,11.52,10.91,7.83,10.91,6.07,200.37,20.97,24.73,23.88,22.89,22.27,19.28,19.28,21.89,25.19,61.13,0.38,9.22,8.83,8.83,0.46,7.68,8.06,1.54,10.06,6.07]
,
  "rssi": 
[0,-56.21,-63.91,-55.23,-56.14,-59.86,-64.39,0,-63.41,-64.50,-54.52,-59.51,-62.81,-56.92,0,-58.83,-63.39,-62.88,-51.12,-64.72,0,-57.71,-56.55,-63.17,-63.69,-64.69,-61.10,-60.83,-57.82,-61.31,0,-54.63,-65.43,-42.63,-63.74,-55.76,-50.67,-49.46,0,-63.70,-68.29,-47.78,-64.57,-58.38,-58.55,-65.68,-59.68,-66.86,0,-63.91,-64.84,-59.84,-67.79,-62.99,-64.37,-65.92,-52.71,-62.07,0,-67.73,-67.84,-64.37,-59.40,-67.81,-62.20,-55.47,-64.82,-60.18,-63.49]
,
  "interference": 
[[0,-85.19,-72.92,-89.77,-90.67,-103.02,-108.87,-115.06], [-85.19,0,-89.77,-72.92,-100.00,-93.68,-115.06,-108.87], [-72.92,-89.77,0,-85.19,-72.92,-92.78,-93.68,-103.02], [-89.77,-72.92,-85.19,0,-89.77,-75.93,-103.02,-93.68], [-90.67,-100.00,-72.92,-89.77,0,-88.20,-75.93,-92.78], [-100.00,-90.67,-89.77,-72.92,-85.19,0,-92.78,-75.93], [-105.86,-112.05,-90.67,-100.00,-72.92,-92.78,0,-88.20], [-112.05,-105.86,-100.00,-90.67,-89.77,-75.93,-88.20,0]]
,
  "sinr": 
[401,36.27,20.04,35.08,30.07,26.48,29.36,401,31.06,28.92,38.98,34.89,31.59,37.12,401,35.95,31.44,31.97,43.53,30.09,401,34.41,35.40,27.17,28.78,23.94,28.77,30.91,34.93,30.39,401,35.50,19.08,45.58,24.59,32.14,40.57,41.34,401,19.19,15.44,34.18,17.64,30.95,21.72,18.35,25.72,25.41,401,23.37,25.33,29.85,25.45,29.55,23.61,25.34,35.25,30.10,401,17.27,24.27,27.04,29.82,24.68,22.71,33.16,18.77,26.13,20.53]
}
