{
  "throughput": 
[134.17,20.81,24.12,6.99,15.36,20.89,20.43,10.75,14.82,101.07,18.89,3.83,20.89,20.18,18.88,18.40,44.24,1.69,1.23,9.75,1.77,8.29,1.84,3.92,2.38,8.76,4.61,84.56,9.51,11.52,1.44,16.19,11.83,4.73,14.05,15.28,66.66,6.45,11.37,3.84,8.45,10.75,8.45,11.44,5.91,64.36,0.54,9.14,10.37,4.61,3.61,9.91,10.37,2.23,4.22,9.37,121.80,19.66,12.06,13.59,13.67,8.83,14.13,13.21,19.05,7.60,192.46,29.57,17.20,18.74,27.49,36.71,34.56,28.19]
,
  "rssi": 
[0,-56.41,-64.29,-67.83,-59.69,-68.38,-51.03,-64.30,-65.94,0,-44.00,-63.01,-57.20,-62.04,-62.79,-62.17,0,-63.38,-64.56,-61.51,-66.39,-63.34,-66.09,-61.89,-68.18,-50.97,-65.07,0,-65.90,-63.86,-67.46,-65.73,-65.68,-68.23,-60.22,-60.08,0,-64.86,-50.89,-67.28,-64.95,-66.68,-64.14,-63.07,-67.62,0,-68.23,-57.64,-58.84,-61.48,-62.84,-61.66,-58.66,-67.69,-64.47,-62.24,0,-60.83,-61.68,-55.17,-57.79,-67.08,-62.59,-65.44,-46.82,-65.54,0,-68.29,-68.89,-70.89,-65.23,-62.89,-69.70,-56.90]
,
  "interference": 
[[0,-90.67,-82.35,-99.99,-103.96,-113.66,-122.99,-132.46], [-93.68,0,-99.99,-82.35,-113.66,-103.96,-129.45,-126.00], [-82.35,-96.98,0,-93.68,-82.35,-99.99,-103.96,-116.67], [-99.99,-79.34,-93.68,0,-99.99,-82.35,-113.66,-106.97], [-103.96,-110.65,-82.35,-99.99,0,-93.68,-82.35,-103.00], [-113.66,-100.95,-99.99,-82.35,-93.68,0,-99.99,-85.36], [-122.99,-126.44,-103.96,-113.66,-82.35,-99.99,0,-96.69], [-129.45,-119.98,-113.66,-103.96,-99.99,-82.35,-93.68,0]]
,
  "sinr": 
[401,34.08,24.45,24.04,30.65,23.95,36.95,23.42,25.36,401,45.49,27.83,33.32,29.51,24.16,25.06,401,26.54,23.49,26.16,22.20,24.49,25.50,21.43,15.67,35.65,20.38,401,17.30,25.82,20.07,22.73,16.58,14.36,22.20,24.30,401,23.99,35.99,18.60,23.75,22.57,23.55,24.97,18.56,401,17.31,26.40,26.75,23.48,21.78,23.50,26.06,22.61,20.37,23.69,401,28.50,27.83,34.43,33.95,20.71,24.45,26.84,43.77,23.62,401,20.41,22.60,19.27,21.05,25.85,21.48,32.51]
}
{
  "throughput": 
[134.17,20.81,24.12,6.99,15.36,20.89,20.43,10.75,14.82,101.07,18.89,3.83,20.89,20.18,18.88,18.40,44.24,1.69,1.23,9.75,1.77,8.29,1.84,3.92,2.38,8.76,4.61,84.56,9.51,11.52,1.44,16.19,11.83,4.73,14.05,15.28,66.66,6.45,11.37,3.84,8.45,10.75,8.45,11.44,5.91,64.36,0.54,9.14,10.37,4.61,3.61,9.91,10.37,2.23,4.22,9.37,121.80,19.66,12.06,13.59,13.67,8.83,14.13,13.21,19.05,7.60,192.46,29.57,17.20,18.74,27.49,36.71,34.56,28.19]
,
  "rssi": 
[0,-56.41,-64.29,-67.83,-59.69,-68.38,-51.03,-64.30,-65.94,0,-44.00,-63.01,-57.20,-62.04,-62.79,-62.17,0,-63.38,-64.56,-61.51,-66.39,-63.34,-66.09,-61.89,-68.18,-50.97,-65.07,0,-65.90,-63.86,-67.46,-65.73,-65.68,-68.23,-60.22,-60.08,0,-64.86,-50.89,-67.28,-64.95,-66.68,-64.14,-63.07,-67.62,0,-68.23,-57.64,-58.84,-61.48,-62.84,-61.66,-58.66,-67.69,-64.47,-62.24,0,-60.83,-61.68,-55.17,-57.79,-67.08,-62.59,-65.44,-46.82,-65.54,0,-68.29,-68.89,-70.89,-65.23,-62.89,-69.70,-56.90]
,
  "interference": 
[[0,-90.67,-82.35,-99.99,-103.96,-113.66,-122.99,-132.46], [-93.68,0,-99.99,-82.35,-113.66,-103.96,-129.45,-126.00], [-82.35,-96.98,0,-93.68,-82.35,-99.99,-103.96,-116.67], [-99.99,-79.34,-93.68,0,-99.99,-82.35,-113.66,-106.97], [-103.96,-110.65,-82.35,-99.99,0,-93.68,-82.35,-103.00], [-113.66,-100.95,-99.99,-82.35,-93.68,0,-99.99,-85.36], [-122.99,-126.44,-103.96,-113.66,-82.35,-99.99,0,-96.69], [-129.45,-119.98,-113.66,-103.96,-99.99,-82.35,-93.68,0]]
,
  "sinr": 
[401,34.08,24.45,24.04,30.65,23.95,36.95,23.42,25.36,401,45.49,27.83,33.32,29.51,24.16,25.06,401,26.54,23.49,26.16,22.20,24.49,25.50,21.43,15.67,35.65,20.38,401,17.30,25.82,20.07,22.73,16.58,14.36,22.20,24.30,401,23.99,35.99,18.60,23.75,22.57,23.55,24.97,18.56,401,17.31,26.40,26.75,23.48,21.78,23.50,26.06,22.61,20.37,23.69,401,28.50,27.83,34.43,33.95,20.71,24.45,26.84,43.77,23.62,401,20.41,22.60,19.27,21.05,25.85,21.48,32.51]
}
