{
  "throughput": 
[93.16,15.51,5.61,16.44,13.59,14.36,11.06,2.23,0.23,14.13,52.26,15.90,5.27,0.23,10.83,13.98,6.06,45.30,4.92,4.38,6.99,7.45,5.88,8.83,6.84,71.73,6.45,1.31,10.44,5.05,8.99,11.75,7.83,19.12,0.78,40.39,6.57,9.68,7.66,8.21,8.28,45.07,6.66,10.37,12.44,2.46,6.78,6.36,43.42,5.81,6.02,3.74,6.37,5.68,5.15,5.61,5.04,67.80,6.78,9.37,4.99,7.02,8.91,9.92,10.06,10.75]
,
  "rssi": 
[0,-62.84,-61.68,-59.27,-60.74,-46.12,-64.22,-64.17,-65.69,-56.91,0,-53.61,-71.39,-69.48,-70.28,-59.48,-65.13,0,-59.03,-64.24,-56.34,-53.03,-64.19,-51.28,-62.46,0,-57.42,-63.48,-51.01,-64.34,-51.80,-48.52,-58.32,-58.54,-60.29,0,-62.62,-43.88,-61.99,-63.02,-62.36,0,-64.45,-51.43,-56.00,-64.71,-64.31,-61.00,0,-59.68,-63.08,-65.13,-54.81,-59.90,-55.15,-52.80,-64.01,0,-64.06,-56.06,-63.54,-64.21,-57.97,-59.95,-54.45,-52.08]
,
  "interference": 
[[0,-85.36,-65.44,-82.16,-79.34,-88.83,-90.67,-96.98], [-82.35,0,-82.16,-65.44,-88.83,-79.34,-96.98,-90.67], [-68.45,-88.18,0,-79.34,-65.44,-82.16,-79.34,-88.83], [-85.17,-71.46,-79.34,0,-82.16,-65.44,-88.83,-79.34], [-82.35,-94.85,-65.44,-82.16,0,-79.34,-65.44,-82.16], [-91.84,-85.36,-82.16,-65.44,-79.34,0,-82.16,-65.44], [-93.68,-103.00,-79.34,-88.83,-65.44,-82.16,0,-79.34], [-99.99,-96.69,-88.83,-79.34,-82.16,-65.44,-79.34,0]]
,
  "sinr": 
[401,25.78,21.99,30.57,29.69,41.30,21.61,20.63,19.43,26.66,401,30.37,16.21,18.02,17.70,22.49,20.44,401,32.67,28.89,36.28,37.91,28.99,39.83,30.19,401,25.52,20.58,34.50,18.27,29.49,34.46,25.76,25.44,25.45,401,29.53,48.60,31.00,31.20,31.84,401,28.20,41.34,35.51,27.54,29.19,30.01,401,33.52,29.81,28.42,38.80,33.51,38.37,40.79,29.72,401,27.83,36.37,25.73,28.33,31.47,32.82,37.00,39.75]
}
{
  "throughput": 
[93.16,15.51,5.61,16.44,13.59,14.36,11.06,2.23,0.23,14.13,52.26,15.90,5.27,0.23,10.83,13.98,6.06,45.30,4.92,4.38,6.99,7.45,5.88,8.83,6.84,71.73,6.45,1.31,10.44,5.05,8.99,11.75,7.83,19.12,0.78,40.39,6.57,9.68,7.66,8.21,8.28,45.07,6.66,10.37,12.44,2.46,6.78,6.36,43.42,5.81,6.02,3.74,6.37,5.68,5.15,5.61,5.04,67.80,6.78,9.37,4.99,7.02,8.91,9.92,10.06,10.75]
,
  "rssi": 
[0,-62.84,-61.68,-59.27,-60.74,-46.12,-64.22,-64.17,-65.69,-56.91,0,-53.61,-71.39,-69.48,-70.28,-59.48,-65.13,0,-59.03,-64.24,-56.34,-53.03,-64.19,-51.28,-62.46,0,-57.42,-63.48,-51.01,-64.34,-51.80,-48.52,-58.32,-58.54,-60.29,0,-62.62,-43.88,-61.99,-63.02,-62.36,0,-64.45,-51.43,-56.00,-64.71,-64.31,-61.00,0,-59.68,-63.08,-65.13,-54.81,-59.90,-55.15,-52.80,-64.01,0,-64.06,-56.06,-63.54,-64.21,-57.97,-59.95,-54.45,-52.08]
,
  "interference": 
[[0,-85.36,-65.44,-82.16,-79.34,-88.83,-90.67,-96.98], [-82.35,0,-82.16,-65.44,-88.83,-79.34,-96.98,-90.67], [-68.45,-88.18,0,-79.34,-65.44,-82.16,-79.34,-88.83], [-85.17,-71.46,-79.34,0,-82.16,-65.44,-88.83,-79.34], [-82.35,-94.85,-65.44,-82.16,0,-79.34,-65.44,-82.16], [-91.84,-85.36,-82.16,-65.44,-79.34,0,-82.16,-65.44], [-93.68,-103.00,-79.34,-88.83,-65.44,-82.16,0,-79.34], [-99.99,-96.69,-88.83,-79.34,-82.16,-65.44,-79.34,0]]
,
  "sinr": 
[401,25.78,21.99,30.57,29.69,41.30,21.61,20.63,19.43,26.66,401,30.37,16.21,18.02,17.70,22.49,20.44,401,32.67,28.89,36.28,37.91,28.99,39.83,30.19,401,25.52,20.58,34.50,18.27,29.49,34.46,25.76,25.44,25.45,401,29.53,48.60,31.00,31.20,31.84,401,28.20,41.34,35.51,27.54,29.19,30.01,401,33.52,29.81,28.42,38.80,33.51,38.37,40.79,29.72,401,27.83,36.37,25.73,28.33,31.47,32.82,37.00,39.75]
}
