{
  "throughput": 
[193.23,19.58,15.90,18.20,19.12,14.13,19.58,17.05,13.29,18.28,18.43,19.66,86.02,5.38,1.84,6.99,10.06,11.75,9.22,11.52,9.60,8.06,10.29,1.31,68.28,1.69,0.15,2.15,6.53,0.84,0.08,5.91,6.45,5.22,5.99,6.60,6.30,7.22,7.60,0.38,5.15,101.38,9.98,11.14,6.30,10.44,11.67,5.38,9.60,7.37,13.44,8.52,4.07,3.46,59.37,6.60,4.84,9.06,7.60,5.99,6.84,0.38,2.38,1.08,4.22,4.45,5.91,22.66,0.00,0.15,1.38,0.08,3.38,0.69,3.15,0.00,2.46,1.46,2.00,2.23,2.53,0.77,0.15,0.23,1.23,0.77,16.28,0.08,2.53,0.31,1.31,1.77,1.00,1.38,0.15,1.69,0.23,0.23,2.00,0.61,1.77,0.31,0.00,0.92,46.31,5.68,6.76,1.08,2.92,3.53,3.38,6.91,4.99,4.84,6.22,70.35,1.00,7.30,6.07,6.30,8.06,5.76,2.23,6.76,3.76,6.68,6.07,1.54,3.92,4.92,62.98,4.53,3.76,0.00,8.37,1.08,8.91,8.68,1.54,0.08,7.22,5.99,6.14,6.68,38.55,1.38,4.07,0.69,2.46,7.22,3.84,1.08,1.00,4.15,0.00,4.53,0.84,1.84,5.45,82.87,10.91,11.14,8.45,3.00,11.21,6.68,11.52,2.07,6.68,11.21]
,
  "rssi": 
[0,-57.60,-71.18,-58.37,-53.36,-59.51,-53.79,-59.61,-63.84,-64.36,-70.11,-54.46,0,-66.11,-68.73,-66.80,-59.28,-54.67,-62.50,-59.92,-63.75,-70.04,-61.14,-70.41,0,-65.23,-70.50,-68.62,-58.76,-69.87,-70.58,-56.76,-57.05,-62.50,-68.45,-66.18,-60.49,-54.70,-62.62,-71.12,-66.47,0,-63.93,-67.86,-71.17,-70.70,-62.72,-68.99,-67.52,-66.51,-66.80,-70.41,-68.83,-69.32,0,-69.44,-64.75,-61.98,-46.86,-69.63,-67.13,-68.49,-66.44,-66.91,-71.16,-62.74,-64.55,0,-69.67,-68.06,-66.69,-69.07,-57.95,-64.56,-49.57,-70.56,-61.21,-64.93,-64.50,-57.73,-56.51,-65.16,-69.27,-70.38,-61.87,-66.53,0,-70.67,-59.57,-69.94,-66.26,-60.68,-64.39,-62.51,-69.62,-60.27,-67.96,-70.75,-59.16,-68.52,-61.49,-68.98,-69.94,-67.08,0,-67.37,-59.07,-67.64,-66.65,-58.90,-64.35,-58.73,-67.92,-60.63,-63.36,0,-67.98,-62.26,-60.00,-53.80,-66.96,-66.13,-66.58,-47.62,-66.39,-65.17,-60.18,-68.27,-66.85,-63.06,0,-68.73,-67.44,-71.16,-66.93,-68.20,-52.63,-59.29,-67.23,-70.56,-66.69,-67.10,-68.34,-66.44,0,-69.38,-61.74,-70.33,-71.23,-59.27,-68.95,-68.45,-66.89,-69.15,-71.37,-67.70,-67.96,-71.11,-62.89,0,-54.06,-58.08,-67.37,-66.21,-63.22,-61.76,-60.59,-66.64,-65.39,-58.03]
,
  "interference": 
[[0,-78.94,-96.69,-111.88,-76.60,-85.45,-99.68,-110.73,-90.06,-97.33,-107.11,-115.84], [-78.94,0,-78.94,-96.69,-85.45,-76.60,-85.45,-96.67,-94.32,-93.07,-97.33,-104.10], [-96.69,-78.94,0,-78.94,-99.68,-85.45,-76.60,-82.44,-104.10,-97.33,-93.07,-94.32], [-111.88,-96.69,-78.94,0,-113.74,-99.68,-85.45,-73.59,-115.84,-107.11,-97.33,-90.06], [-76.60,-85.45,-99.68,-113.74,0,-78.94,-96.69,-108.87,-73.59,-85.45,-99.68,-110.73], [-85.45,-76.60,-85.45,-99.68,-78.94,0,-78.94,-93.68,-82.44,-76.60,-85.45,-96.67], [-99.68,-85.45,-76.60,-85.45,-96.69,-78.94,0,-75.93,-96.67,-85.45,-76.60,-82.44], [-113.74,-99.68,-85.45,-76.60,-111.88,-96.69,-78.94,0,-110.73,-99.68,-85.45,-73.59], [-93.07,-97.33,-107.11,-118.85,-76.60,-85.45,-99.68,-110.73,0,-78.94,-96.69,-108.87], [-97.33,-93.07,-97.33,-107.11,-85.45,-76.60,-85.45,-96.67,-75.93,0,-78.94,-93.68], [-107.11,-97.33,-93.07,-97.33,-99.68,-85.45,-76.60,-82.44,-93.68,-78.94,0,-75.93], [-118.85,-107.11,-97.33,-93.07,-113.74,-99.68,-85.45,-73.59,-108.87,-96.69,-78.94,0]]
,
  "sinr": 
[401,30.82,21.51,28.06,34.30,27.61,35.48,26.80,21.73,24.32,22.43,33.64,401,17.12,13.72,19.09,27.13,31.18,20.99,26.42,19.84,19.67,24.23,13.66,401,22.74,14.74,17.09,26.09,13.39,14.80,29.59,28.80,20.96,21.28,22.97,23.38,31.40,26.15,13.18,21.06,401,23.07,24.34,19.26,20.78,23.81,18.02,20.05,18.58,24.55,19.63,15.11,16.65,401,20.94,22.29,24.83,39.45,19.66,21.82,16.55,18.81,19.26,19.49,21.89,22.30,401,12.80,13.59,16.98,13.49,22.83,17.14,31.42,12.16,20.68,17.91,17.96,25.57,24.45,15.98,13.42,15.96,16.60,16.72,401,18.35,20.18,15.94,16.76,20.25,15.39,19.07,14.05,22.54,14.96,17.07,22.68,14.74,21.22,15.05,21.20,16.96,401,24.67,30.15,20.24,24.02,27.77,26.07,31.59,24.01,29.49,27.45,401,20.25,28.22,27.89,36.36,25.23,25.39,20.65,42.74,23.73,27.83,26.50,18.59,21.62,23.40,401,20.54,20.32,12.67,20.96,14.59,31.68,27.62,15.84,13.44,22.75,21.98,20.15,22.64,401,14.14,25.50,19.52,18.35,26.09,18.34,19.32,18.21,20.56,12.64,21.55,15.85,18.51,24.54,401,34.31,30.98,23.23,19.62,28.46,25.12,29.92,18.95,25.18,33.72]
}
