{
  "throughput": 
[97.29,12.21,8.03,12.59,11.08,12.52,4.31,12.86,12.24,11.46,99.52,5.52,7.93,13.75,15.82,13.41,13.54,13.34,16.20,5.30,1.23,0.84,1.23,1.00,1.00,151.21,17.20,13.75,14.91,15.67,15.44,13.47,15.74,13.47,14.50,17.05,130.63,28.26,23.32,31.80,27.57,19.68,41.40,3.15,14.75,3.00,13.59,6.91,136.19,14.67,16.36,15.28,10.47,13.75,12.42,13.47,15.13,9.36,15.28,208.44,23.04,0.00,23.65,32.87,33.87,25.73,31.03,16.59,21.66]
,
  "rssi": 
[0,-51.77,-65.15,-62.35,-62.22,-59.53,-63.87,-62.63,-60.15,-64.06,0,-64.25,-65.31,-61.16,-55.39,-60.14,-63.48,-62.93,-58.43,0,-58.59,-57.31,-50.75,-53.87,-57.27,0,-56.12,-50.42,-61.87,-52.47,-53.95,-62.50,-58.23,-59.51,-62.94,-56.54,0,-51.37,-63.17,-56.88,-61.78,-64.43,0,-62.86,-63.45,-62.95,-64.66,-68.41,0,-46.39,-56.60,-53.92,-60.16,-60.75,-64.52,-61.37,-58.11,-64.80,-52.58,0,-67.26,-67.90,-68.94,-62.20,-64.69,-65.14,-59.25,-70.43,-69.84]
,
  "interference": 
[[0,-90.67,-79.34,-96.98,-100.95,-113.66,-119.98,-132.46], [-90.67,0,-96.98,-79.34,-110.65,-103.96,-126.44,-126.00], [-79.34,-96.98,0,-90.67,-79.34,-99.99,-100.95,-116.67], [-96.98,-79.34,-90.67,0,-96.98,-82.35,-110.65,-106.97], [-100.95,-110.65,-79.34,-96.98,0,-93.68,-79.34,-103.00], [-110.65,-100.95,-96.98,-79.34,-90.67,0,-96.98,-85.36], [-119.98,-126.44,-100.95,-110.65,-79.34,-99.99,0,-96.69], [-126.44,-119.98,-110.65,-100.95,-96.98,-82.35,-90.67,0]]
,
  "sinr": 
[401,38.30,27.63,29.91,26.48,27.84,20.23,26.30,27.30,26.60,401,19.56,28.21,23.98,36.85,28.37,27.49,21.37,30.07,401,30.98,34.74,39.60,38.03,33.84,401,38.68,44.17,33.01,42.21,40.84,30.95,35.85,35.39,31.97,37.46,401,40.10,26.61,33.89,29.77,25.19,401,23.37,19.41,24.03,22.52,19.14,401,45.56,36.77,39.94,30.04,33.61,28.82,32.81,35.40,26.51,41.08,401,16.18,18.49,15.81,23.43,23.55,19.29,24.06,11.33,14.37]
}
{
  "throughput": 
[97.29,12.21,8.03,12.59,11.08,12.52,4.31,12.86,12.24,11.46,99.52,5.52,7.93,13.75,15.82,13.41,13.54,13.34,16.20,5.30,1.23,0.84,1.23,1.00,1.00,151.21,17.20,13.75,14.91,15.67,15.44,13.47,15.74,13.47,14.50,17.05,130.63,28.26,23.32,31.80,27.57,19.68,41.40,3.15,14.75,3.00,13.59,6.91,136.19,14.67,16.36,15.28,10.47,13.75,12.42,13.47,15.13,9.36,15.28,208.44,23.04,0.00,23.65,32.87,33.87,25.73,31.03,16.59,21.66]
,
  "rssi": 
[0,-51.77,-65.15,-62.35,-62.22,-59.53,-63.87,-62.63,-60.15,-64.06,0,-64.25,-65.31,-61.16,-55.39,-60.14,-63.48,-62.93,-58.43,0,-58.59,-57.31,-50.75,-53.87,-57.27,0,-56.12,-50.42,-61.87,-52.47,-53.95,-62.50,-58.23,-59.51,-62.94,-56.54,0,-51.37,-63.17,-56.88,-61.78,-64.43,0,-62.86,-63.45,-62.95,-64.66,-68.41,0,-46.39,-56.60,-53.92,-60.16,-60.75,-64.52,-61.37,-58.11,-64.80,-52.58,0,-67.26,-67.90,-68.94,-62.20,-64.69,-65.14,-59.25,-70.43,-69.84]
,
  "interference": 
[[0,-90.67,-79.34,-96.98,-100.95,-113.66,-119.98,-132.46], [-90.67,0,-96.98,-79.34,-110.65,-103.96,-126.44,-126.00], [-79.34,-96.98,0,-90.67,-79.34,-99.99,-100.95,-116.67], [-96.98,-79.34,-90.67,0,-96.98,-82.35,-110.65,-106.97], [-100.95,-110.65,-79.34,-96.98,0,-93.68,-79.34,-103.00], [-110.65,-100.95,-96.98,-79.34,-90.67,0,-96.98,-85.36], [-119.98,-126.44,-100.95,-110.65,-79.34,-99.99,0,-96.69], [-126.44,-119.98,-110.65,-100.95,-96.98,-82.35,-90.67,0]]
,
  "sinr": 
[401,38.30,27.63,29.91,26.48,27.84,20.23,26.30,27.30,26.60,401,19.56,28.21,23.98,36.85,28.37,27.49,21.37,30.07,401,30.98,34.74,39.60,38.03,33.84,401,38.68,44.17,33.01,42.21,40.84,30.95,35.85,35.39,31.97,37.46,401,40.10,26.61,33.89,29.77,25.19,401,23.37,19.41,24.03,22.52,19.14,401,45.56,36.77,39.94,30.04,33.61,28.82,32.81,35.40,26.51,41.08,401,16.18,18.49,15.81,23.43,23.55,19.29,24.06,11.33,14.37]
}
