{
  "throughput": 
[39.30,4.38,5.22,8.68,0.82,6.66,4.92,0.99,6.49,1.13,30.85,3.69,4.58,3.01,2.80,3.63,3.35,3.90,2.80,3.08,51.62,4.56,7.07,6.30,5.10,5.54,5.61,6.22,6.76,4.47,33.13,7.30,5.88,7.05,6.76,6.14,61.09,9.99,13.13,13.82,7.38,7.26,9.51,21.88,1.37,3.38,3.46,1.23,3.99,0.96,4.15,3.35,72.94,21.66,13.61,17.37,11.35,8.94,26.64,0.91,4.53,0.46,6.60,7.14,6.99]
,
  "rssi": 
[0,-62.93,-58.90,-59.06,-66.19,-64.38,-62.14,-67.25,-63.14,-68.14,0,-62.53,-59.75,-61.42,-63.38,-61.25,-60.29,-63.90,-62.07,-60.34,0,-65.23,-41.54,-57.67,-64.43,-61.65,-63.41,-63.03,-57.00,-65.37,0,-56.27,-60.23,-61.42,-58.21,-58.98,0,-60.39,-58.33,-42.16,-64.80,-64.24,-63.68,0,-63.01,-58.77,-47.64,-65.41,-52.85,-63.21,-55.81,-62.69,0,-58.11,-63.93,-63.84,-62.95,-64.94,0,-68.16,-56.00,-71.44,-61.59,-60.27,-59.26]
,
  "interference": 
[[0,-79.34,-65.44,-82.16,-79.34,-88.83,-90.67,-103.00], [-82.35,0,-82.16,-65.44,-88.83,-79.34,-96.98,-96.69], [-68.45,-82.16,0,-79.34,-65.44,-82.16,-79.34,-94.85], [-85.17,-65.44,-79.34,0,-82.16,-65.44,-88.83,-85.36], [-82.35,-88.83,-65.44,-82.16,0,-79.34,-65.44,-88.18], [-91.84,-79.34,-82.16,-65.44,-79.34,0,-82.16,-71.46], [-93.68,-96.98,-79.34,-88.83,-65.44,-82.16,0,-85.36], [-99.99,-90.67,-88.83,-79.34,-82.16,-65.44,-79.34,0]]
,
  "sinr": 
[401,21.98,28.76,26.60,20.65,24.88,27.24,17.93,24.95,18.50,401,30.05,32.91,30.64,29.24,25.43,31.74,28.86,30.08,29.49,401,29.01,52.88,36.83,29.85,32.79,31.02,30.86,37.33,29.20,401,32.11,25.47,24.79,28.31,24.89,401,31.65,34.10,50.20,28.52,28.32,28.91,401,24.20,25.96,37.37,24.53,34.81,21.83,28.49,27.31,401,33.59,26.60,28.60,21.40,23.79,401,17.92,26.88,15.15,19.84,22.36,20.83]
}
{
  "throughput": 
[39.30,4.38,5.22,8.68,0.82,6.66,4.92,0.99,6.49,1.13,30.85,3.69,4.58,3.01,2.80,3.63,3.35,3.90,2.80,3.08,51.62,4.56,7.07,6.30,5.10,5.54,5.61,6.22,6.76,4.47,33.13,7.30,5.88,7.05,6.76,6.14,61.09,9.99,13.13,13.82,7.38,7.26,9.51,21.88,1.37,3.38,3.46,1.23,3.99,0.96,4.15,3.35,72.94,21.66,13.61,17.37,11.35,8.94,26.64,0.91,4.53,0.46,6.60,7.14,6.99]
,
  "rssi": 
[0,-62.93,-58.90,-59.06,-66.19,-64.38,-62.14,-67.25,-63.14,-68.14,0,-62.53,-59.75,-61.42,-63.38,-61.25,-60.29,-63.90,-62.07,-60.34,0,-65.23,-41.54,-57.67,-64.43,-61.65,-63.41,-63.03,-57.00,-65.37,0,-56.27,-60.23,-61.42,-58.21,-58.98,0,-60.39,-58.33,-42.16,-64.80,-64.24,-63.68,0,-63.01,-58.77,-47.64,-65.41,-52.85,-63.21,-55.81,-62.69,0,-58.11,-63.93,-63.84,-62.95,-64.94,0,-68.16,-56.00,-71.44,-61.59,-60.27,-59.26]
,
  "interference": 
[[0,-79.34,-65.44,-82.16,-79.34,-88.83,-90.67,-103.00], [-82.35,0,-82.16,-65.44,-88.83,-79.34,-96.98,-96.69], [-68.45,-82.16,0,-79.34,-65.44,-82.16,-79.34,-94.85], [-85.17,-65.44,-79.34,0,-82.16,-65.44,-88.83,-85.36], [-82.35,-88.83,-65.44,-82.16,0,-79.34,-65.44,-88.18], [-91.84,-79.34,-82.16,-65.44,-79.34,0,-82.16,-71.46], [-93.68,-96.98,-79.34,-88.83,-65.44,-82.16,0,-85.36], [-99.99,-90.67,-88.83,-79.34,-82.16,-65.44,-79.34,0]]
,
  "sinr": 
[401,21.98,28.76,26.60,20.65,24.88,27.24,17.93,24.95,18.50,401,30.05,32.91,30.64,29.24,25.43,31.74,28.86,30.08,29.49,401,29.01,52.88,36.83,29.85,32.79,31.02,30.86,37.33,29.20,401,32.11,25.47,24.79,28.31,24.89,401,31.65,34.10,50.20,28.52,28.32,28.91,401,24.20,25.96,37.37,24.53,34.81,21.83,28.49,27.31,401,33.59,26.60,28.60,21.40,23.79,401,17.92,26.88,15.15,19.84,22.36,20.83]
}
