{
  "throughput": 
[48.37,1.08,18.59,5.61,18.59,4.51,149.60,18.51,17.13,18.12,16.47,19.20,7.68,11.98,11.51,17.60,11.40,78.06,18.20,0.96,18.97,20.43,19.51,52.76,7.80,9.06,8.82,9.83,3.30,4.80,9.14,100.54,15.46,15.94,10.94,19.05,17.82,1.78,19.56,17.80,1.67,2.68,0.63,1.89,1.31,2.02,2.61,2.76,0.00,2.22,114.76,16.20,4.65,18.05,15.05,17.13,12.96,11.90,18.82,138.01,32.95,16.51,14.75,34.64,39.17]
,
  "rssi": 
[0,-64.17,-56.91,-60.57,-58.68,-59.77,0,-49.72,-42.50,-50.18,-63.78,-54.77,-58.35,-58.53,-61.62,-59.40,-59.95,0,-57.08,-63.93,-55.97,-47.88,-56.52,0,-59.12,-50.11,-62.72,-48.56,-58.35,-64.91,-58.47,0,-59.42,-60.94,-63.46,-51.21,-58.46,-65.41,-62.84,0,-60.61,-64.48,-61.90,-61.89,-60.06,-62.39,-48.80,-58.80,-65.07,-64.10,0,-50.82,-65.33,-54.75,-62.03,-53.39,-64.15,-60.38,-56.22,0,-63.04,-67.88,-65.29,-67.06,-53.65]
,
  "interference": 
[[0,-79.34,-65.44,-82.16,-79.34,-88.83,-90.67,-103.00], [-79.34,0,-82.16,-65.44,-88.83,-79.34,-96.98,-96.69], [-65.44,-82.16,0,-79.34,-65.44,-82.16,-79.34,-94.85], [-82.16,-65.44,-79.34,0,-82.16,-65.44,-88.83,-85.36], [-79.34,-88.83,-65.44,-82.16,0,-79.34,-65.44,-88.18], [-88.83,-79.34,-82.16,-65.44,-79.34,0,-82.16,-71.46], [-90.67,-96.98,-79.34,-88.83,-65.44,-82.16,0,-85.36], [-96.98,-90.67,-88.83,-79.34,-82.16,-65.44,-79.34,0]]
,
  "sinr": 
[401,22.84,31.30,24.32,28.40,26.38,401,36.07,44.87,36.02,25.27,33.33,27.58,25.74,23.95,28.08,24.86,401,26.20,21.45,27.99,37.21,28.86,401,28.15,34.34,26.16,36.28,27.92,24.01,29.45,401,34.07,31.91,29.33,41.50,33.29,28.87,30.59,401,27.83,25.03,23.47,27.98,23.67,26.67,37.16,29.45,13.79,24.12,401,42.07,28.34,38.14,31.49,38.86,29.53,32.29,36.63,401,13.42,13.39,18.33,16.05,29.07]
}
