{
  "throughput": 
[171.72,21.12,1.46,22.12,24.65,22.35,24.81,9.06,23.96,22.20,274.41,28.88,32.64,34.02,31.41,33.64,25.96,17.13,33.48,13.29,23.96,126.95,16.74,13.44,16.05,18.28,5.07,5.99,14.82,14.44,5.91,16.20,8.99,1.92,1.92,0.00,0.08,0.38,1.54,1.69,1.46,60.60,9.83,2.30,6.84,7.83,8.06,4.07,4.07,7.53,7.68,2.38,165.97,33.56,34.64,34.41,30.41,32.95,166.27,37.40,10.98,37.86,39.55,40.47,53.06,1.50,10.60,9.44,8.91,1.38,12.06,1.20,1.14,6.84]
,
  "rssi": 
[0,-69.98,-71.01,-51.80,-62.87,-61.03,-53.57,-68.74,-62.20,-62.75,0,-60.64,-51.91,-60.39,-66.38,-61.98,-64.09,-65.59,-71.25,-67.83,-66.49,0,-63.06,-67.08,-56.88,-50.17,-68.47,-66.81,-60.00,-65.08,-66.68,-63.07,0,-70.66,-56.23,-71.02,-70.97,-67.50,-71.39,-56.74,-68.70,0,-59.05,-69.04,-70.63,-68.42,-63.78,-69.55,-65.89,-63.55,-63.49,-67.48,0,-64.37,-47.63,-61.88,-61.89,-57.80,0,-48.40,-68.10,-59.89,-56.28,-45.11,0,-64.48,-55.51,-62.54,-55.81,-64.72,-57.55,-64.53,-64.17,-57.18]
,
  "interference": 
[[0,-91.21,-78.94,-95.79,-96.69,-103.02,-108.87,-112.05], [-91.21,0,-95.79,-78.94,-106.03,-93.68,-115.06,-105.86], [-78.94,-95.79,0,-91.21,-78.94,-92.78,-93.68,-100.00], [-95.79,-78.94,-91.21,0,-95.79,-75.93,-103.02,-90.67], [-96.69,-106.03,-78.94,-95.79,0,-88.20,-75.93,-89.77], [-106.03,-96.69,-95.79,-78.94,-91.21,0,-92.78,-72.92], [-111.88,-118.07,-96.69,-106.03,-78.94,-92.78,0,-85.19], [-118.07,-111.88,-106.03,-96.69,-95.79,-75.93,-88.20,0]]
,
  "sinr": 
[401,22.02,20.85,36.29,28.49,25.34,35.82,18.32,27.07,26.20,401,25.60,38.13,26.80,24.62,24.48,24.21,21.01,21.80,20.30,23.54,401,25.41,23.82,28.11,35.62,15.99,17.39,25.40,17.69,18.54,21.84,401,20.52,29.55,8.63,11.76,15.09,19.87,28.90,22.36,401,28.32,18.45,19.41,22.43,25.63,20.43,18.35,19.34,24.72,13.69,401,26.91,39.13,26.55,25.15,29.68,401,39.31,18.54,28.22,29.43,39.95,401,26.93,31.19,24.83,35.38,27.26,27.91,22.84,23.54,31.25]
}
{
  "throughput": 
[171.72,21.12,1.46,22.12,24.65,22.35,24.81,9.06,23.96,22.20,274.41,28.88,32.64,34.02,31.41,33.64,25.96,17.13,33.48,13.29,23.96,126.95,16.74,13.44,16.05,18.28,5.07,5.99,14.82,14.44,5.91,16.20,8.99,1.92,1.92,0.00,0.08,0.38,1.54,1.69,1.46,60.60,9.83,2.30,6.84,7.83,8.06,4.07,4.07,7.53,7.68,2.38,165.97,33.56,34.64,34.41,30.41,32.95,166.27,37.40,10.98,37.86,39.55,40.47,53.06,1.50,10.60,9.44,8.91,1.38,12.06,1.20,1.14,6.84]
,
  "rssi": 
[0,-69.98,-71.01,-51.80,-62.87,-61.03,-53.57,-68.74,-62.20,-62.75,0,-60.64,-51.91,-60.39,-66.38,-61.98,-64.09,-65.59,-71.25,-67.83,-66.49,0,-63.06,-67.08,-56.88,-50.17,-68.47,-66.81,-60.00,-65.08,-66.68,-63.07,0,-70.66,-56.23,-71.02,-70.97,-67.50,-71.39,-56.74,-68.70,0,-59.05,-69.04,-70.63,-68.42,-63.78,-69.55,-65.89,-63.55,-63.49,-67.48,0,-64.37,-47.63,-61.88,-61.89,-57.80,0,-48.40,-68.10,-59.89,-56.28,-45.11,0,-64.48,-55.51,-62.54,-55.81,-64.72,-57.55,-64.53,-64.17,-57.18]
,
  "interference": 
[[0,-91.21,-78.94,-95.79,-96.69,-103.02,-108.87,-112.05], [-91.21,0,-95.79,-78.94,-106.03,-93.68,-115.06,-105.86], [-78.94,-95.79,0,-91.21,-78.94,-92.78,-93.68,-100.00], [-95.79,-78.94,-91.21,0,-95.79,-75.93,-103.02,-90.67], [-96.69,-106.03,-78.94,-95.79,0,-88.20,-75.93,-89.77], [-106.03,-96.69,-95.79,-78.94,-91.21,0,-92.78,-72.92], [-111.88,-118.07,-96.69,-106.03,-78.94,-92.78,0,-85.19], [-118.07,-111.88,-106.03,-96.69,-95.79,-75.93,-88.20,0]]
,
  "sinr": 
[401,22.02,20.85,36.29,28.49,25.34,35.82,18.32,27.07,26.20,401,25.60,38.13,26.80,24.62,24.48,24.21,21.01,21.80,20.30,23.54,401,25.41,23.82,28.11,35.62,15.99,17.39,25.40,17.69,18.54,21.84,401,20.52,29.55,8.63,11.76,15.09,19.87,28.90,22.36,401,28.32,18.45,19.41,22.43,25.63,20.43,18.35,19.34,24.72,13.69,401,26.91,39.13,26.55,25.15,29.68,401,39.31,18.54,28.22,29.43,39.95,401,26.93,31.19,24.83,35.38,27.26,27.91,22.84,23.54,31.25]
}
