{
  "throughput": 
[92.36,2.69,13.47,12.04,12.72,10.19,10.94,13.20,2.05,15.05,120.35,16.05,6.84,6.84,7.68,19.81,6.99,14.21,19.51,14.36,8.06,83.86,14.44,2.92,30.71,21.12,14.67,59.83,3.30,10.98,5.53,7.76,6.99,8.83,4.76,3.92,7.76,79.04,12.50,5.15,18.32,18.04,17.43,7.60,37.63,4.15,3.53,4.22,4.45,3.84,4.68,2.15,4.22,4.53,1.84,85.71,10.12,11.90,9.54,2.33,12.59,14.52,14.36,1.80,8.55,130.29,23.26,27.29,21.60,27.42,30.72]
,
  "rssi": 
[0,-65.29,-60.06,-59.28,-60.70,-62.44,-61.36,-63.32,-65.03,-59.65,0,-63.12,-65.09,-64.99,-68.27,-54.83,-68.11,-64.92,-57.70,-50.31,-64.09,0,-61.82,-65.70,-66.06,-56.33,-56.90,0,-61.05,-60.91,-59.85,-60.34,-66.55,-65.44,-67.49,-66.78,-67.13,0,-65.73,-64.91,-63.63,-62.34,-64.43,-67.00,0,-66.80,-60.78,-46.41,-42.84,-62.19,-63.64,-65.37,-66.73,-64.95,-67.48,0,-62.50,-58.90,-64.47,-65.22,-62.93,-56.29,-42.01,-64.53,-61.18,0,-63.88,-61.29,-64.52,-48.17,-53.91]
,
  "interference": 
[[0,-93.68,-82.35,-99.99,-103.96,-113.66,-119.98,-126.44], [-90.67,0,-99.99,-82.35,-113.66,-103.96,-126.44,-119.98], [-79.34,-99.99,0,-93.68,-82.35,-99.99,-100.95,-110.65], [-96.98,-82.35,-93.68,0,-99.99,-82.35,-110.65,-100.95], [-100.95,-113.66,-82.35,-99.99,0,-93.68,-79.34,-96.98], [-110.65,-103.96,-99.99,-82.35,-93.68,0,-96.98,-79.34], [-119.98,-129.45,-103.96,-113.66,-82.35,-99.99,0,-90.67], [-126.44,-122.99,-113.66,-103.96,-99.99,-82.35,-90.67,0]]
,
  "sinr": 
[401,24.11,32.96,33.41,32.01,25.98,29.68,29.84,26.38,29.45,401,20.71,26.55,22.47,19.67,34.08,24.11,18.36,28.87,38.43,25.53,401,19.13,20.74,23.42,22.89,26.44,401,23.68,26.76,25.94,26.43,22.87,23.24,17.05,15.65,20.85,401,18.29,17.48,25.18,21.69,24.56,14.37,401,21.69,23.66,36.50,41.97,23.77,20.39,15.01,18.78,23.75,24.77,401,30.67,33.05,27.93,28.10,29.46,36.66,50.39,29.10,31.75,401,26.02,32.48,29.50,44.92,39.11]
}
{
  "throughput": 
[92.36,2.69,13.47,12.04,12.72,10.19,10.94,13.20,2.05,15.05,120.35,16.05,6.84,6.84,7.68,19.81,6.99,14.21,19.51,14.36,8.06,83.86,14.44,2.92,30.71,21.12,14.67,59.83,3.30,10.98,5.53,7.76,6.99,8.83,4.76,3.92,7.76,79.04,12.50,5.15,18.32,18.04,17.43,7.60,37.63,4.15,3.53,4.22,4.45,3.84,4.68,2.15,4.22,4.53,1.84,85.71,10.12,11.90,9.54,2.33,12.59,14.52,14.36,1.80,8.55,130.29,23.26,27.29,21.60,27.42,30.72]
,
  "rssi": 
[0,-65.29,-60.06,-59.28,-60.70,-62.44,-61.36,-63.32,-65.03,-59.65,0,-63.12,-65.09,-64.99,-68.27,-54.83,-68.11,-64.92,-57.70,-50.31,-64.09,0,-61.82,-65.70,-66.06,-56.33,-56.90,0,-61.05,-60.91,-59.85,-60.34,-66.55,-65.44,-67.49,-66.78,-67.13,0,-65.73,-64.91,-63.63,-62.34,-64.43,-67.00,0,-66.80,-60.78,-46.41,-42.84,-62.19,-63.64,-65.37,-66.73,-64.95,-67.48,0,-62.50,-58.90,-64.47,-65.22,-62.93,-56.29,-42.01,-64.53,-61.18,0,-63.88,-61.29,-64.52,-48.17,-53.91]
,
  "interference": 
[[0,-93.68,-82.35,-99.99,-103.96,-113.66,-119.98,-126.44], [-90.67,0,-99.99,-82.35,-113.66,-103.96,-126.44,-119.98], [-79.34,-99.99,0,-93.68,-82.35,-99.99,-100.95,-110.65], [-96.98,-82.35,-93.68,0,-99.99,-82.35,-110.65,-100.95], [-100.95,-113.66,-82.35,-99.99,0,-93.68,-79.34,-96.98], [-110.65,-103.96,-99.99,-82.35,-93.68,0,-96.98,-79.34], [-119.98,-129.45,-103.96,-113.66,-82.35,-99.99,0,-90.67], [-126.44,-122.99,-113.66,-103.96,-99.99,-82.35,-90.67,0]]
,
  "sinr": 
[401,24.11,32.96,33.41,32.01,25.98,29.68,29.84,26.38,29.45,401,20.71,26.55,22.47,19.67,34.08,24.11,18.36,28.87,38.43,25.53,401,19.13,20.74,23.42,22.89,26.44,401,23.68,26.76,25.94,26.43,22.87,23.24,17.05,15.65,20.85,401,18.29,17.48,25.18,21.69,24.56,14.37,401,21.69,23.66,36.50,41.97,23.77,20.39,15.01,18.78,23.75,24.77,401,30.67,33.05,27.93,28.10,29.46,36.66,50.39,29.10,31.75,401,26.02,32.48,29.50,44.92,39.11]
}
