{
  "throughput": 
[129.95,0.31,44.54,33.25,46.85,4.99,163.58,18.82,15.44,19.89,13.36,16.28,19.12,17.36,20.74,22.58,80.33,21.35,21.89,2.69,3.46,22.35,4.45,4.15,44.13,5.61,5.30,3.01,3.66,4.92,5.91,1.82,2.58,6.53,4.79,125.04,13.20,12.06,12.72,12.18,10.92,10.53,8.34,14.59,15.97,14.52,71.12,7.52,8.68,5.76,8.00,8.52,9.51,8.76,6.91,7.46,154.53,30.16,34.56,31.95,26.52,31.33,126.14,15.13,13.98,13.38,15.80,11.83,13.13,15.05,14.57,13.26]
,
  "rssi": 
[0,-68.50,-64.03,-69.25,-67.20,-70.81,0,-66.22,-68.43,-56.46,-69.96,-70.62,-67.26,-67.96,-70.77,-57.30,0,-62.31,-54.68,-66.43,-64.21,-62.31,-66.26,-67.92,0,-56.09,-53.22,-59.18,-64.12,-62.03,-56.69,-65.13,-64.06,-54.42,-63.15,0,-63.75,-64.21,-62.73,-64.03,-64.08,-62.97,-65.38,-57.66,-54.50,-47.06,0,-63.81,-57.25,-64.44,-60.60,-58.98,-59.32,-52.52,-61.74,-61.93,0,-62.01,-44.18,-50.90,-64.85,-55.56,0,-57.38,-58.84,-64.63,-63.70,-59.09,-63.97,-57.30,-62.46,-64.58]
,
  "interference": 
[[0,-96.69,-82.35,-96.98,-100.95,-110.65,-119.98,-126.44], [-96.69,0,-99.99,-79.34,-110.65,-100.95,-126.44,-119.98], [-85.36,-103.00,0,-90.67,-79.34,-96.98,-100.95,-110.65], [-103.00,-85.36,-93.68,0,-96.98,-79.34,-110.65,-100.95], [-106.97,-116.67,-82.35,-96.98,0,-90.67,-79.34,-96.98], [-116.67,-106.97,-99.99,-79.34,-90.67,0,-96.98,-79.34], [-126.00,-132.46,-103.96,-110.65,-79.34,-96.98,0,-90.67], [-132.46,-126.00,-113.66,-100.95,-96.98,-79.34,-90.67,0]]
,
  "sinr": 
[401,19.23,20.11,16.28,21.20,17.91,401,26.62,22.59,35.15,19.67,21.97,25.13,22.65,22.41,35.21,401,24.76,34.43,22.84,24.44,23.23,26.70,25.34,401,36.48,38.64,31.15,22.67,30.67,35.22,28.37,24.12,36.90,30.18,401,30.15,28.61,30.70,29.50,25.04,29.02,28.71,32.97,39.23,46.31,401,28.06,37.04,27.77,30.55,34.96,32.96,40.86,32.56,32.40,401,32.99,50.82,44.09,30.14,39.43,401,36.43,33.68,29.18,28.53,35.14,30.63,36.45,31.48,23.08]
}
{
  "throughput": 
[129.95,0.31,44.54,33.25,46.85,4.99,163.58,18.82,15.44,19.89,13.36,16.28,19.12,17.36,20.74,22.58,80.33,21.35,21.89,2.69,3.46,22.35,4.45,4.15,44.13,5.61,5.30,3.01,3.66,4.92,5.91,1.82,2.58,6.53,4.79,125.04,13.20,12.06,12.72,12.18,10.92,10.53,8.34,14.59,15.97,14.52,71.12,7.52,8.68,5.76,8.00,8.52,9.51,8.76,6.91,7.46,154.53,30.16,34.56,31.95,26.52,31.33,126.14,15.13,13.98,13.38,15.80,11.83,13.13,15.05,14.57,13.26]
,
  "rssi": 
[0,-68.50,-64.03,-69.25,-67.20,-70.81,0,-66.22,-68.43,-56.46,-69.96,-70.62,-67.26,-67.96,-70.77,-57.30,0,-62.31,-54.68,-66.43,-64.21,-62.31,-66.26,-67.92,0,-56.09,-53.22,-59.18,-64.12,-62.03,-56.69,-65.13,-64.06,-54.42,-63.15,0,-63.75,-64.21,-62.73,-64.03,-64.08,-62.97,-65.38,-57.66,-54.50,-47.06,0,-63.81,-57.25,-64.44,-60.60,-58.98,-59.32,-52.52,-61.74,-61.93,0,-62.01,-44.18,-50.90,-64.85,-55.56,0,-57.38,-58.84,-64.63,-63.70,-59.09,-63.97,-57.30,-62.46,-64.58]
,
  "interference": 
[[0,-96.69,-82.35,-96.98,-100.95,-110.65,-119.98,-126.44], [-96.69,0,-99.99,-79.34,-110.65,-100.95,-126.44,-119.98], [-85.36,-103.00,0,-90.67,-79.34,-96.98,-100.95,-110.65], [-103.00,-85.36,-93.68,0,-96.98,-79.34,-110.65,-100.95], [-106.97,-116.67,-82.35,-96.98,0,-90.67,-79.34,-96.98], [-116.67,-106.97,-99.99,-79.34,-90.67,0,-96.98,-79.34], [-126.00,-132.46,-103.96,-110.65,-79.34,-96.98,0,-90.67], [-132.46,-126.00,-113.66,-100.95,-96.98,-79.34,-90.67,0]]
,
  "sinr": 
[401,19.23,20.11,16.28,21.20,17.91,401,26.62,22.59,35.15,19.67,21.97,25.13,22.65,22.41,35.21,401,24.76,34.43,22.84,24.44,23.23,26.70,25.34,401,36.48,38.64,31.15,22.67,30.67,35.22,28.37,24.12,36.90,30.18,401,30.15,28.61,30.70,29.50,25.04,29.02,28.71,32.97,39.23,46.31,401,28.06,37.04,27.77,30.55,34.96,32.96,40.86,32.56,32.40,401,32.99,50.82,44.09,30.14,39.43,401,36.43,33.68,29.18,28.53,35.14,30.63,36.45,31.48,23.08]
}
