{
  "throughput": 
[148.28,10.16,5.97,8.57,9.06,9.45,11.10,9.89,8.52,9.47,8.83,8.71,2.24,9.45,9.11,9.83,9.64,8.27,0.31,0.00,0.00,0.15,0.00,0.00,0.00,0.08,0.00,0.08,0.00,0.00,101.22,8.14,9.98,3.15,7.68,7.46,11.67,11.37,0.17,2.15,6.22,11.73,9.90,11.60,9.83,0.69,0.31,0.61,0.54,0.46,0.54,0.61,0.84,0.61,0.38,0.31,0.69,0.31,0.15,0.77,0.54,0.15,0.77,0.54,39.05,0.82,2.19,3.61,4.53,1.44,1.23,4.84,1.23,4.61,0.96,4.17,1.98,1.08,3.63,2.74,54.24,0.35,0.82,3.74,0.18,6.07,5.40,4.22,5.30,4.68,3.61,0.95,6.14,4.76,0.83,6.30,0.90,17.68,2.69,0.55,0.96,2.23,0.66,1.09,0.32,2.38,0.41,0.41,2.46,0.55,0.96,0.14,0.64,0.09,1.15,93.94,5.38,0.52,4.92,3.30,8.37,8.45,3.83,10.20,10.27,4.61,9.45,7.90,7.91,8.83,132.88,9.37,7.91,7.11,6.77,8.60,6.18,5.82,6.43,8.60,7.52,6.70,7.45,8.37,7.83,5.94,7.44,6.76,8.06,50.28,5.34,2.53,3.42,0.18,2.94,5.45,4.76,5.15,5.45,1.14,3.69,0.27,0.89,1.98,0.41,6.68,110.25,7.95,10.29,7.99,9.34,5.50,8.52,10.29,7.14,9.98,8.06,8.06,9.37,7.53,0.22,8.22,0.61,0.69,1.31,1.31,0.69,0.61,0.84,0.15,1.15,0.69,0.15,0.00]
,
  "rssi": 
[0,-63.59,-62.18,-68.18,-56.72,-59.67,-62.28,-65.67,-58.45,-62.99,-54.49,-67.05,-67.36,-52.10,-64.36,-53.24,-64.34,-66.72,0,-63.67,-68.34,-59.12,-59.86,-60.68,-57.36,-67.41,-66.87,-65.92,-66.13,-67.65,0,-59.58,-60.58,-63.96,-67.33,-68.12,-46.48,-61.74,-68.45,-64.32,-67.01,-63.10,-63.25,-67.24,0,-60.58,-67.12,-61.66,-60.13,-63.93,-61.07,-55.69,-61.48,-57.74,-58.75,-67.50,-61.07,-66.68,-68.13,-54.74,-66.59,-66.03,-64.01,-57.07,0,-63.92,-62.75,-54.04,-56.79,-60.23,-62.22,-52.24,-63.95,-57.13,-60.58,-61.72,-64.30,-64.44,-60.92,-61.96,0,-64.97,-61.26,-59.40,-64.40,-58.55,-61.91,-61.77,-49.10,-58.07,-57.56,-64.76,-49.75,-58.22,-62.74,-52.66,-63.88,0,-54.65,-65.35,-63.40,-58.22,-64.40,-61.13,-65.14,-57.87,-63.46,-63.67,-54.64,-62.23,-63.58,-60.65,-65.26,-65.33,-58.58,0,-60.40,-66.53,-61.45,-61.97,-61.95,-57.77,-62.90,-64.02,-62.85,-64.93,-66.65,-62.32,-54.00,-59.49,0,-57.22,-56.52,-63.32,-60.71,-54.56,-64.67,-64.78,-63.74,-54.96,-62.47,-59.56,-58.20,-58.52,-57.97,-64.54,-64.47,-52.17,-53.82,0,-59.47,-60.52,-62.10,-64.79,-64.60,-43.59,-55.51,-51.55,-54.87,-64.67,-58.91,-63.62,-62.07,-62.23,-65.23,-43.45,0,-67.68,-53.58,-59.36,-65.62,-62.72,-59.57,-50.54,-61.78,-57.47,-54.78,-61.91,-58.04,-54.64,-66.60,0,-61.47,-59.10,-63.88,-65.99,-71.29,-62.23,-63.94,-66.99,-67.92,-62.46,-68.01,-67.60]
,
  "interference": 
[[0,-79.23,-98.91,-116.02,-75.14,-84.25,-99.72,-118.44,-94.18,-98.60,-112.07,-128.01], [-79.23,0,-79.23,-98.91,-84.25,-75.14,-84.25,-102.73,-98.60,-94.18,-101.61,-115.08], [-98.91,-79.23,0,-79.23,-99.72,-84.25,-75.14,-87.26,-109.06,-98.60,-97.19,-104.62], [-116.02,-98.91,-79.23,0,-115.43,-99.72,-84.25,-78.16,-121.99,-109.06,-101.61,-100.20], [-78.16,-87.26,-102.73,-118.44,0,-76.22,-95.90,-116.02,-75.14,-84.25,-102.73,-121.45], [-87.26,-78.16,-87.26,-102.73,-76.22,0,-76.22,-98.91,-84.25,-75.14,-87.26,-105.74], [-102.73,-87.26,-78.16,-87.26,-95.90,-76.22,0,-79.23,-99.72,-84.25,-78.16,-90.27], [-118.44,-102.73,-87.26,-78.16,-113.01,-95.90,-76.22,0,-115.43,-99.72,-87.26,-81.17], [-97.19,-101.61,-112.07,-125.00,-75.14,-84.25,-99.72,-118.44,0,-76.22,-98.91,-119.03], [-101.61,-97.19,-101.61,-112.07,-84.25,-75.14,-84.25,-102.73,-76.22,0,-79.23,-101.93], [-112.07,-101.61,-97.19,-101.61,-99.72,-84.25,-75.14,-87.26,-95.90,-76.22,0,-82.24], [-125.00,-112.07,-101.61,-97.19,-115.43,-99.72,-84.25,-78.16,-113.01,-95.90,-79.23,0]]
}
