{
  "throughput": 
[116.35,7.83,2.07,1.77,8.60,7.91,8.37,2.23,4.15,8.68,5.53,4.53,8.14,6.99,4.84,6.45,9.45,8.14,6.14,4.53,59.75,2.84,0.23,6.84,9.68,9.98,11.98,4.38,8.83,2.23,2.76,66.22,4.53,4.73,5.30,5.76,3.92,5.68,3.00,5.61,6.99,3.99,3.92,2.69,5.22,3.67,1.22,161.66,15.82,10.91,15.97,15.13,12.67,13.21,14.13,11.98,15.05,14.75,6.76,15.28,132.43,10.98,11.01,10.94,10.74,10.52,8.40,11.08,12.52,13.67,10.53,10.47,11.56,128.73,5.54,7.52,7.25,4.74,7.87,6.50,6.30,6.98,6.37,6.63,6.72,8.14,6.02,7.07,7.45,6.29,7.59,7.73,6.02,61.42,3.83,4.04,2.60,4.38,3.92,4.38,4.84,4.10,1.44,3.78,3.08,1.32,4.24,4.61,2.67,0.32,0.89,1.60,3.90,1.50,140.73,8.14,9.45,6.78,8.60,7.50,8.89,8.82,9.37,9.14,8.29,9.23,9.37,10.44,8.14,8.96,9.60,64.97,2.38,5.68,3.00,4.45,4.92,5.76,5.30,3.92,3.23,3.84,4.76,4.30,4.92,3.61,4.92,68.88,5.06,7.39,2.92,4.92,6.84,6.60,3.69,4.01,6.70,7.07,6.37,7.30,54.69,4.99,5.22,2.44,2.76,5.22,5.15,4.92,4.68,3.23,0.38,3.13,4.28,1.10,3.88,3.30,110.56,6.57,4.26,7.11,8.55,4.58,7.37,6.70,8.22,7.45,6.43,8.62,7.76,4.92,6.91,8.06,0.36,6.68]
,
  "rssi": 
[0,-55.38,-63.31,-67.44,-63.43,-66.70,-67.72,-67.69,-68.36,-68.28,-59.13,-67.18,-64.01,-63.07,-62.93,-65.82,-68.22,-67.82,-55.84,-68.02,0,-64.70,-68.12,-58.13,-49.34,-57.67,-56.42,-66.59,-54.94,-67.95,-68.45,0,-61.42,-68.13,-52.78,-58.28,-65.07,-56.74,-67.83,-61.40,-47.09,-60.99,-66.12,-66.38,-57.97,-67.35,-66.59,0,-66.53,-67.66,-56.74,-60.75,-52.24,-67.55,-60.79,-61.16,-66.15,-60.83,-63.15,-63.05,0,-58.47,-61.91,-62.24,-63.61,-45.44,-64.49,-63.54,-58.44,-56.91,-63.38,-62.67,-63.89,0,-63.44,-60.26,-64.01,-65.13,-59.60,-63.32,-53.64,-61.97,-55.89,-62.25,-64.63,-49.82,-62.21,-52.35,-53.51,-62.82,-59.07,-61.44,-59.49,0,-59.63,-59.96,-60.36,-56.67,-51.77,-55.14,-58.15,-60.79,-64.53,-64.32,-61.90,-64.37,-59.57,-46.73,-63.36,-65.13,-63.93,-65.33,-62.39,-63.93,0,-59.70,-55.57,-64.17,-56.05,-64.76,-61.47,-63.90,-58.46,-54.64,-58.07,-62.93,-45.05,-58.36,-60.93,-63.01,-51.20,0,-65.56,-61.02,-67.71,-68.05,-56.97,-67.85,-55.09,-61.72,-67.45,-66.26,-58.68,-61.49,-61.50,-68.40,-67.31,0,-63.86,-60.32,-65.19,-59.38,-65.00,-47.74,-59.29,-65.24,-59.22,-58.12,-57.32,-54.91,0,-57.04,-60.73,-70.72,-63.69,-59.26,-68.18,-61.82,-55.64,-65.98,-64.49,-68.30,-69.49,-70.74,-65.93,-63.41,0,-59.52,-64.16,-63.56,-63.60,-59.43,-56.00,-60.97,-53.53,-50.73,-59.89,-63.02,-45.77,-59.61,-58.29,-41.60,-64.59,-53.95]
,
  "interference": 
[[0,-82.35,-103.96,-122.99,-79.34,-88.83,-105.59,-122.95,-103.96,-105.59,-122.83,-130.96], [-82.35,0,-82.35,-103.96,-88.83,-79.34,-88.83,-105.59,-108.60,-100.95,-111.61,-116.81], [-103.96,-82.35,0,-82.35,-105.59,-88.83,-79.34,-88.83,-119.82,-105.59,-106.97,-105.59], [-122.99,-103.96,-82.35,0,-122.95,-105.59,-88.83,-79.34,-133.97,-116.81,-111.61,-100.95], [-82.35,-91.84,-108.60,-125.96,0,-79.34,-100.95,-119.98,-82.35,-88.83,-111.61,-122.95], [-91.84,-82.35,-91.84,-108.60,-79.34,0,-79.34,-100.95,-91.84,-79.34,-94.85,-105.59], [-108.60,-91.84,-82.35,-91.84,-100.95,-79.34,0,-79.34,-108.60,-88.83,-85.36,-88.83], [-125.96,-108.60,-91.84,-82.35,-119.98,-100.95,-79.34,0,-125.96,-105.59,-94.85,-79.34], [-103.96,-108.60,-119.82,-133.97,-79.34,-88.83,-105.59,-122.95,0,-79.34,-106.97,-119.98], [-108.60,-103.96,-108.60,-119.82,-88.83,-79.34,-88.83,-105.59,-82.35,0,-85.36,-100.95], [-119.82,-108.60,-103.96,-108.60,-105.59,-88.83,-79.34,-88.83,-103.96,-79.34,0,-79.34], [-133.97,-119.82,-108.60,-103.96,-122.95,-105.59,-88.83,-79.34,-122.99,-100.95,-85.36,0]]
}
