{
  "throughput": 
[74.96,15.67,10.68,13.29,14.59,0.08,4.15,0.38,0.46,0.23,15.44,108.50,12.98,15.05,14.30,9.54,13.13,2.12,7.93,8.82,8.96,15.67,45.31,2.80,3.83,4.07,2.70,1.44,4.45,0.30,3.30,3.01,3.42,2.92,0.27,3.15,3.92,4.15,1.57,61.99,3.00,6.16,5.61,5.40,5.38,6.16,5.68,6.99,6.60,4.38,6.63,54.30,3.61,3.84,3.69,4.38,2.61,3.30,3.38,4.38,3.07,3.46,0.46,4.92,2.76,1.00,5.07,4.38,52.84,2.23,2.92,3.92,3.92,5.45,0.84,3.61,2.92,1.31,3.38,2.38,3.38,0.77,0.84,3.53,2.69,5.84,2.92,83.94,4.61,6.14,2.92,6.22,4.99,4.30,5.68,5.99,0.15,5.07,4.68,4.76,1.46,4.07,3.30,5.53,4.61,6.14,3.30,40.37,3.61,1.15,4.30,2.83,2.30,4.84,0.29,2.38,0.38,1.61,3.69,2.61,3.23,0.08,1.61,2.53,2.92,127.87,0.92,6.68,10.44,9.68,9.91,11.14,10.68,10.98,9.91,9.83,10.21,11.60,10.83,5.07,57.98,0.54,3.84,0.69,3.69,5.68,0.54,5.15,5.53,0.46,4.76,5.76,0.61,3.92,4.30,2.38,6.68,3.46,54.60,7.91,3.15,5.76,6.76,0.15,4.92,5.22,3.07,0.00,5.53,3.38,0.00,6.60,0.31,1.84,183.17,11.75,13.59,16.44,16.36,17.20,14.98,17.36,17.97,4.68,16.44,16.90,19.51]
,
  "rssi": 
[0,-69.13,-65.99,-67.96,-65.34,-71.36,-68.55,-71.40,-68.23,-68.42,-59.55,0,-55.63,-58.82,-59.36,-64.28,-53.52,-61.78,-65.25,-64.25,-63.47,-51.05,0,-60.82,-63.63,-52.11,-64.56,-63.05,-56.06,-64.82,-57.23,-59.04,-63.05,-53.24,-61.63,-58.29,-46.67,-56.71,-60.25,0,-64.62,-59.88,-56.45,-61.11,-56.14,-63.67,-57.49,-54.78,-49.76,-59.61,-62.86,0,-63.65,-66.59,-46.97,-66.92,-60.86,-64.70,-57.23,-59.22,-60.25,-61.08,-68.45,-63.76,-61.21,-65.56,-68.19,-66.28,0,-63.11,-61.77,-60.47,-54.93,-44.49,-68.03,-59.87,-62.65,-67.11,-63.73,-61.73,-59.48,-65.14,-64.96,-59.96,-64.53,-58.55,-61.95,0,-54.32,-51.10,-66.40,-51.09,-54.83,-58.54,-52.39,-47.80,-66.17,-60.66,-58.41,-60.69,-64.97,-66.68,-64.42,-64.24,-59.96,-51.28,-68.34,0,-56.02,-66.78,-59.04,-65.48,-67.56,-67.16,-65.68,-64.36,-67.87,-66.28,-60.23,-54.43,-44.24,-67.72,-67.16,-64.59,-58.29,0,-70.20,-69.75,-53.99,-66.20,-57.74,-62.63,-69.69,-65.47,-61.93,-51.35,-59.73,-71.26,-63.10,-68.85,0,-67.86,-64.68,-65.72,-65.50,-62.85,-68.15,-54.42,-57.68,-68.29,-58.02,-54.74,-68.42,-67.02,-62.56,-64.07,-48.53,-61.48,0,-50.48,-70.63,-68.89,-63.43,-70.36,-62.36,-63.92,-69.08,-70.10,-62.27,-69.24,-70.23,-54.20,-68.01,-68.12,0,-68.47,-69.19,-63.22,-66.85,-70.08,-67.18,-60.55,-69.82,-70.38,-66.13,-57.38,-69.60]
,
  "interference": 
[[0,-76.22,-95.90,-113.01,-78.16,-87.26,-102.73,-118.44,-100.20,-101.61,-115.08,-128.01], [-82.24,0,-76.22,-95.90,-87.26,-78.16,-87.26,-102.73,-104.62,-97.19,-104.62,-115.08], [-101.93,-76.22,0,-76.22,-102.73,-87.26,-78.16,-87.26,-115.08,-101.61,-100.20,-104.62], [-119.03,-95.90,-76.22,0,-118.44,-102.73,-87.26,-78.16,-128.01,-112.07,-104.62,-100.20], [-81.17,-84.25,-99.72,-115.43,0,-79.23,-98.91,-116.02,-81.17,-87.26,-105.74,-121.45], [-90.27,-75.14,-84.25,-99.72,-79.23,0,-79.23,-98.91,-90.27,-78.16,-90.27,-105.74], [-105.74,-84.25,-75.14,-84.25,-98.91,-79.23,0,-79.23,-105.74,-87.26,-81.17,-90.27], [-121.45,-99.72,-84.25,-75.14,-116.02,-98.91,-79.23,0,-121.45,-102.73,-90.27,-81.17], [-100.20,-98.60,-109.06,-121.99,-78.16,-87.26,-102.73,-118.44,0,-79.23,-101.93,-119.03], [-104.62,-94.18,-98.60,-109.06,-87.26,-78.16,-87.26,-102.73,-82.24,0,-82.24,-101.93], [-115.08,-98.60,-94.18,-98.60,-102.73,-87.26,-78.16,-87.26,-101.93,-79.23,0,-82.24], [-128.01,-109.06,-98.60,-94.18,-118.44,-102.73,-87.26,-78.16,-119.03,-98.91,-82.24,0]]
}
