{
  "throughput": 
[174.64,16.36,18.43,15.59,18.43,18.82,15.82,19.74,16.51,15.90,19.05,12.83,0.31,0.84,0.69,0.84,0.46,1.15,0.54,0.23,0.46,0.84,0.38,0.31,0.84,0.69,0.54,0.61,1.31,0.84,0.15,0.77,84.79,6.68,2.61,8.29,6.45,5.07,7.45,5.91,0.84,1.00,8.14,7.68,2.61,4.84,1.23,7.68,8.29,41.32,2.69,2.07,2.30,1.46,1.38,2.23,2.30,1.77,2.30,1.77,2.53,1.69,2.46,2.30,1.61,1.38,2.00,2.15,2.38,2.53,17.89,2.00,1.23,1.31,1.54,1.69,1.92,1.61,2.00,1.23,1.00,2.38,49.23,6.53,5.45,5.38,6.60,2.92,0.84,7.60,1.00,5.45,0.54,0.54,1.54,4.68,0.15,7.30,0.23,0.23,1.00,0.84,0.54,1.15,1.08,0.15,0.69,1.38,56.68,3.61,0.00,5.07,6.53,5.68,0.15,3.53,0.31,0.00,4.15,5.07,1.77,2.15,4.30,0.23,0.61,0.46,5.45,3.23,4.38,120.81,9.14,8.14,8.52,9.45,10.44,1.54,0.46,10.06,9.37,1.15,8.06,10.37,2.92,9.91,8.29,7.14,5.84,13.52,1.23,1.54,1.23,1.38,1.46,0.77,1.61,0.08,0.69,1.61,1.08,0.84,98.53,6.22,7.99,8.29,6.99,7.45,2.53,5.68,7.45,6.76,5.99,1.23,0.92,1.69,6.45,3.00,5.76,6.84,7.30,51.30,2.30,2.30,1.84,3.53,2.15,3.15,3.38,3.46,2.61,2.69,2.46,2.92,1.38,2.53,2.00,3.61,3.38,2.76,2.84]
,
  "rssi": 
[0,-59.16,-48.55,-68.17,-54.91,-60.00,-66.16,-56.28,-57.60,-65.99,-68.10,0,-68.00,-64.64,-63.73,-54.86,-64.32,-51.89,-58.94,-62.96,-63.87,-44.00,-66.21,-66.49,-68.20,-58.08,-68.22,-64.47,-52.84,-63.60,-68.43,-61.68,0,-51.46,-64.46,-64.74,-61.06,-67.45,-52.91,-66.59,-67.33,-67.26,-54.57,-61.04,-63.59,-68.20,-66.35,-58.33,-67.54,0,-54.83,-62.13,-55.54,-68.01,-65.45,-63.23,-63.08,-66.57,-66.95,-67.70,-57.75,-68.08,-60.85,-67.08,-66.94,-64.42,-64.25,-59.35,-66.81,-53.26,0,-62.40,-68.60,-70.05,-67.60,-64.70,-68.46,-61.47,-64.54,-66.93,-65.54,-52.92,0,-54.89,-60.59,-58.38,-54.47,-61.99,-65.51,-50.92,-62.52,-59.70,-65.52,-66.40,-62.97,-61.46,-68.22,0,-67.91,-68.07,-62.83,-58.62,-62.71,-61.39,-60.29,-68.24,-64.75,-56.38,0,-61.43,-67.73,-61.69,-62.46,-61.08,-66.70,-63.54,-65.58,-66.95,-64.30,-65.56,-63.16,-67.82,-61.60,-67.20,-66.72,-67.00,-62.50,-68.35,-47.29,0,-54.62,-61.03,-44.02,-67.69,-60.78,-66.77,-68.33,-59.54,-57.71,-67.19,-60.61,-62.23,-67.43,-59.48,-64.09,-66.94,-66.45,0,-67.08,-58.66,-57.81,-58.01,-68.39,-59.28,-62.46,-68.12,-67.90,-66.36,-62.53,-59.87,0,-66.48,-52.19,-62.82,-50.19,-60.66,-63.02,-60.77,-60.69,-66.22,-58.77,-66.87,-65.77,-64.14,-66.94,-62.78,-57.40,-61.17,-66.18,0,-68.26,-58.52,-67.10,-63.85,-64.27,-65.58,-51.00,-66.80,-65.53,-69.02,-65.79,-64.29,-69.71,-64.74,-67.47,-48.33,-70.30,-64.75,-66.66]
,
  "interference": 
[[0,-79.23,-98.91,-116.02,-81.17,-87.26,-102.73,-118.44,-97.19,-101.61,-112.07,-128.01], [-79.23,0,-79.23,-98.91,-90.27,-78.16,-87.26,-102.73,-101.61,-97.19,-101.61,-115.08], [-98.91,-79.23,0,-79.23,-105.74,-87.26,-78.16,-87.26,-112.07,-101.61,-97.19,-104.62], [-116.02,-98.91,-79.23,0,-121.45,-102.73,-87.26,-78.16,-125.00,-112.07,-101.61,-100.20], [-78.16,-87.26,-102.73,-118.44,0,-79.23,-98.91,-116.02,-78.16,-87.26,-102.73,-121.45], [-87.26,-78.16,-87.26,-102.73,-82.24,0,-79.23,-98.91,-87.26,-78.16,-87.26,-105.74], [-102.73,-87.26,-78.16,-87.26,-101.93,-79.23,0,-79.23,-102.73,-87.26,-78.16,-90.27], [-118.44,-102.73,-87.26,-78.16,-119.03,-98.91,-79.23,0,-118.44,-102.73,-87.26,-81.17], [-97.19,-101.61,-112.07,-125.00,-81.17,-87.26,-102.73,-118.44,0,-79.23,-98.91,-119.03], [-101.61,-97.19,-101.61,-112.07,-90.27,-78.16,-87.26,-102.73,-79.23,0,-79.23,-101.93], [-112.07,-101.61,-97.19,-101.61,-105.74,-87.26,-78.16,-87.26,-98.91,-79.23,0,-82.24], [-125.00,-112.07,-101.61,-97.19,-121.45,-102.73,-87.26,-78.16,-116.02,-98.91,-79.23,0]]
}
