{
  "throughput": 
[18.36,1.69,0.69,2.69,1.92,2.46,1.08,0.92,1.31,2.07,1.84,1.69,105.68,11.21,6.76,3.00,10.98,0.77,1.61,10.60,10.75,8.14,11.60,9.91,10.37,9.98,137.09,11.21,11.29,9.44,9.18,10.19,6.66,9.00,11.06,10.52,11.22,14.13,11.75,11.44,88.81,4.99,5.20,5.61,4.99,4.31,4.20,1.73,4.31,4.45,5.34,3.51,4.38,2.70,5.68,4.32,5.81,1.60,4.62,6.30,4.76,104.76,10.44,9.22,2.46,10.06,9.37,3.30,10.98,8.37,10.29,8.76,10.68,10.29,0.54,10.21,0.61,0.23,1.00,0.08,0.77,0.54,1.92,1.00,0.00,0.77,0.00,0.84,0.38,1.61,0.46,67.77,5.22,6.63,6.53,5.45,5.99,5.15,6.22,6.09,5.76,5.22,5.61,3.90,50.72,2.92,4.30,1.15,4.11,1.37,5.30,4.53,3.36,5.84,3.52,4.22,0.90,4.84,3.30,1.06,136.65,6.91,7.60,7.53,5.94,8.83,5.68,4.38,6.84,7.66,6.29,8.68,8.14,5.68,8.41,6.22,8.00,9.06,9.52,5.27,53.95,3.42,2.94,2.61,4.79,1.50,3.24,3.90,3.99,2.87,3.83,3.38,3.99,2.87,3.63,3.21,3.76,59.98,4.72,7.68,6.68,7.32,4.79,6.63,4.17,7.22,6.09,4.68,147.62,6.02,7.25,6.06,9.22,7.68,7.53,7.76,6.84,5.24,7.60,7.45,7.66,6.16,8.06,9.45,7.30,5.70,8.29,8.68,7.68]
,
  "rssi": 
[0,-67.14,-66.18,-67.53,-68.12,-62.41,-66.75,-66.20,-67.55,-56.54,-57.64,-64.51,0,-68.13,-67.92,-65.63,-56.23,-66.78,-63.83,-67.74,-57.88,-67.70,-59.92,-54.36,-62.45,-53.00,0,-50.12,-59.26,-61.06,-64.89,-60.14,-65.34,-64.38,-57.04,-57.04,-61.78,-56.84,-51.40,-49.30,0,-60.75,-62.28,-62.49,-59.38,-59.07,-64.69,-65.39,-62.65,-60.78,-59.60,-65.33,-60.72,-64.73,-55.83,-64.29,-60.14,-65.31,-64.94,-55.34,-55.49,0,-66.59,-63.38,-66.83,-60.52,-63.66,-64.86,-46.42,-51.12,-65.63,-58.94,-62.84,-58.70,-66.66,0,-65.15,-70.41,-57.60,-68.73,-62.47,-69.20,-59.72,-62.10,-68.24,-61.93,-71.25,-65.81,-67.92,-58.96,-66.21,0,-58.68,-61.11,-58.15,-50.09,-57.21,-58.60,-62.21,-60.23,-64.07,-64.32,-56.69,-61.67,0,-63.05,-61.71,-68.12,-67.11,-67.40,-60.75,-64.01,-62.26,-58.48,-63.25,-66.75,-67.24,-61.76,-66.90,-65.31,0,-59.53,-53.58,-55.18,-64.40,-58.95,-63.46,-64.20,-61.18,-59.82,-61.79,-55.51,-49.25,-63.61,-60.16,-61.45,-61.46,-55.00,-46.12,-60.10,0,-63.78,-62.60,-57.32,-63.09,-61.14,-64.14,-60.77,-54.90,-63.54,-64.01,-54.24,-54.80,-62.58,-63.72,-59.12,-52.59,0,-62.86,-57.41,-58.47,-59.53,-60.88,-61.32,-64.01,-55.54,-62.04,-64.64,0,-62.19,-59.97,-64.97,-57.87,-55.60,-57.95,-55.32,-62.94,-65.09,-51.97,-50.74,-61.90,-61.85,-51.05,-56.68,-47.69,-64.07,-55.45,-56.62,-56.59]
,
  "interference": 
[[0,-79.23,-95.90,-113.01,-78.16,-90.27,-99.72,-118.44,-94.18,-98.60,-109.06,-121.99], [-79.23,0,-76.22,-95.90,-87.26,-81.17,-84.25,-102.73,-98.60,-94.18,-98.60,-109.06], [-98.91,-79.23,0,-76.22,-102.73,-90.27,-75.14,-87.26,-109.06,-98.60,-94.18,-98.60], [-116.02,-98.91,-76.22,0,-118.44,-105.74,-84.25,-78.16,-121.99,-109.06,-98.60,-94.18], [-78.16,-87.26,-99.72,-115.43,0,-82.24,-95.90,-116.02,-75.14,-84.25,-99.72,-115.43], [-87.26,-78.16,-84.25,-99.72,-79.23,0,-76.22,-98.91,-84.25,-75.14,-84.25,-99.72], [-102.73,-87.26,-75.14,-84.25,-98.91,-82.24,0,-79.23,-99.72,-84.25,-75.14,-84.25], [-118.44,-102.73,-84.25,-75.14,-116.02,-101.93,-76.22,0,-115.43,-99.72,-84.25,-75.14], [-97.19,-101.61,-109.06,-121.99,-78.16,-90.27,-99.72,-118.44,0,-76.22,-95.90,-113.01], [-101.61,-97.19,-98.60,-109.06,-87.26,-81.17,-84.25,-102.73,-76.22,0,-76.22,-95.90], [-112.07,-101.61,-94.18,-98.60,-102.73,-90.27,-75.14,-87.26,-95.90,-76.22,0,-76.22], [-125.00,-112.07,-98.60,-94.18,-118.44,-105.74,-84.25,-78.16,-113.01,-95.90,-76.22,0]]
}
