{
  "throughput": 
[38.48,6.14,2.15,1.23,7.22,5.61,5.38,0.00,5.38,0.00,5.38,47.23,13.36,11.44,3.30,14.52,4.61,34.18,1.08,5.76,2.30,5.38,2.69,6.68,0.77,4.53,4.99,39.48,6.53,0.00,0.00,8.06,10.75,6.84,7.30,68.34,13.86,16.74,15.82,10.29,11.63,62.76,10.52,7.08,12.06,11.44,6.66,5.02,9.99,109.15,21.61,15.80,7.50,23.35,21.73,19.15,62.19,4.29,5.75,7.99,6.70,6.63,5.68,8.45,3.54,7.22,5.95]
,
  "rssi": 
[0,-62.85,-65.46,-67.59,-59.60,-59.95,-54.34,-68.20,-58.98,-66.84,-64.51,0,-60.29,-63.54,-68.38,-59.57,-67.85,0,-62.59,-54.82,-67.54,-55.75,-67.06,-61.13,-64.39,-54.11,-66.70,0,-60.21,-66.01,-68.42,-60.53,-63.64,-68.04,-64.26,0,-66.49,-55.44,-60.38,-66.92,-65.12,0,-57.85,-64.65,-52.97,-50.48,-65.05,-65.17,-62.86,0,-61.92,-60.96,-64.39,-53.58,-50.61,-62.01,0,-65.20,-62.71,-57.80,-61.18,-59.23,-61.43,-54.12,-64.48,-58.40,-63.77]
,
  "interference": 
[[0,-82.35,-68.45,-85.17,-82.35,-88.83,-90.67,-96.98], [-82.35,0,-85.17,-68.45,-91.84,-79.34,-96.98,-90.67], [-68.45,-85.17,0,-82.35,-68.45,-82.16,-79.34,-88.83], [-85.17,-68.45,-82.35,0,-85.17,-65.44,-88.83,-79.34], [-82.35,-91.84,-68.45,-85.17,0,-79.34,-65.44,-82.16], [-91.84,-82.35,-85.17,-68.45,-82.35,0,-82.16,-65.44], [-93.68,-99.99,-82.35,-91.84,-68.45,-82.16,0,-79.34], [-99.99,-93.68,-91.84,-82.35,-85.17,-65.44,-79.34,0]]
}
