{
  "throughput": 
[126.64,5.58,6.48,7.46,10.14,8.21,9.98,6.42,10.06,7.11,7.83,6.98,6.34,8.28,7.73,9.22,8.83,14.98,2.92,0.61,1.69,1.23,0.00,1.08,0.00,3.07,0.00,0.00,2.30,2.07,77.49,6.07,5.99,0.23,0.77,7.07,2.15,7.30,8.14,7.37,6.68,5.38,5.61,1.69,6.45,6.60,65.74,5.07,1.15,3.92,2.69,4.92,3.76,4.22,3.99,4.22,4.15,3.30,3.46,3.92,3.38,3.07,4.30,2.07,4.15,77.50,1.68,5.61,1.78,4.72,2.60,1.37,6.07,8.37,5.95,3.66,6.60,7.14,5.16,4.76,6.22,5.81,58.02,2.39,6.30,1.02,5.95,6.09,6.84,6.30,5.61,7.30,5.99,1.64,2.60,14.05,1.54,0.00,1.54,0.08,0.08,0.38,0.84,0.00,0.54,2.46,1.54,2.38,0.08,1.92,0.31,0.31,0.08,75.26,16.82,1.15,16.13,2.00,1.92,2.69,12.98,0.92,2.00,18.66,90.90,6.91,9.75,0.44,7.68,3.29,4.63,7.37,2.59,7.68,0.00,6.12,6.22,6.68,6.98,5.45,2.43,0.37,6.30,9.98,1.15,0.69,1.08,1.00,0.00,1.00,0.77,0.45,0.77,0.38,0.77,1.00,0.23,0.15,0.54,56.68,5.15,0.00,5.76,0.08,0.15,5.61,1.69,4.53,3.84,4.07,6.91,3.76,5.38,2.92,3.38,3.46,57.22,3.46,3.92,3.30,4.30,4.92,2.46,2.61,3.15,3.76,2.30,3.99,2.69,3.07,3.69,2.69,3.76,3.15]
,
  "rssi": 
[0,-64.79,-64.05,-61.61,-55.08,-59.64,-56.71,-64.62,-54.49,-62.04,-54.60,-60.64,-65.32,-60.64,-62.23,-54.98,-51.03,0,-59.16,-70.10,-61.16,-69.15,-69.89,-65.29,-70.19,-61.05,-71.24,-64.47,-66.42,-59.17,0,-58.12,-62.37,-66.40,-64.24,-68.20,-63.90,-60.16,-60.52,-54.03,-66.44,-67.60,-59.45,-64.09,-53.67,-57.74,0,-68.87,-70.29,-52.78,-69.40,-68.30,-67.27,-62.72,-65.54,-68.10,-71.01,-70.03,-58.74,-64.41,-63.27,-66.95,-67.83,-69.34,-71.06,0,-64.38,-56.83,-62.95,-63.34,-65.23,-63.65,-58.99,-42.85,-62.54,-64.45,-56.41,-43.95,-64.94,-58.41,-56.22,-60.11,0,-63.17,-47.09,-64.37,-59.05,-60.83,-54.08,-55.54,-53.79,-58.01,-56.78,-63.14,-61.22,0,-62.73,-71.18,-60.31,-71.00,-69.77,-69.76,-69.52,-70.48,-67.03,-58.83,-63.75,-61.58,-69.69,-65.38,-70.58,-68.12,-69.42,0,-62.76,-68.31,-61.77,-68.37,-68.21,-67.78,-65.20,-70.79,-71.32,-49.98,0,-55.55,-61.46,-66.17,-61.91,-64.30,-67.82,-59.64,-67.31,-61.14,-67.66,-63.99,-62.20,-50.82,-67.80,-61.38,-66.35,-67.22,-56.63,0,-61.96,-53.98,-63.82,-49.77,-67.32,-59.54,-64.62,-65.16,-66.81,-67.74,-63.99,-47.74,-67.48,-66.60,-63.81,0,-64.44,-65.83,-66.44,-66.64,-65.32,-66.90,-66.81,-61.42,-61.15,-58.65,-63.52,-67.63,-64.48,-65.48,-64.43,-62.12,0,-61.72,-67.07,-64.03,-54.75,-64.94,-63.87,-67.65,-67.37,-68.15,-68.37,-58.79,-61.10,-67.72,-59.09,-67.26,-59.67,-64.50]
,
  "interference": 
[[0,-82.24,-98.91,-119.03,-75.14,-84.25,-105.74,-121.45,-97.19,-101.61,-112.07,-125.00], [-76.22,0,-79.23,-101.93,-84.25,-75.14,-90.27,-105.74,-101.61,-97.19,-101.61,-112.07], [-95.90,-82.24,0,-82.24,-99.72,-84.25,-81.17,-90.27,-112.07,-101.61,-97.19,-101.61], [-113.01,-101.93,-79.23,0,-115.43,-99.72,-90.27,-81.17,-125.00,-112.07,-101.61,-97.19], [-75.14,-90.27,-102.73,-121.45,0,-76.22,-101.93,-119.03,-78.16,-87.26,-102.73,-118.44], [-84.25,-81.17,-87.26,-105.74,-76.22,0,-82.24,-101.93,-87.26,-78.16,-87.26,-102.73], [-99.72,-90.27,-78.16,-90.27,-95.90,-76.22,0,-82.24,-102.73,-87.26,-78.16,-87.26], [-115.43,-105.74,-87.26,-81.17,-113.01,-95.90,-82.24,0,-118.44,-102.73,-87.26,-78.16], [-94.18,-104.62,-112.07,-128.01,-75.14,-84.25,-105.74,-121.45,0,-79.23,-98.91,-116.02], [-98.60,-100.20,-101.61,-115.08,-84.25,-75.14,-90.27,-105.74,-79.23,0,-79.23,-98.91], [-109.06,-104.62,-97.19,-104.62,-99.72,-84.25,-81.17,-90.27,-98.91,-79.23,0,-79.23], [-121.99,-115.08,-101.61,-100.20,-115.43,-99.72,-90.27,-81.17,-116.02,-98.91,-79.23,0]]
}
