{
  "throughput": 
[127.41,3.76,13.36,11.98,17.28,10.37,13.44,16.44,15.05,15.51,3.00,7.22,75.57,3.30,2.69,3.15,6.07,5.45,5.68,6.91,2.23,1.69,5.38,5.99,6.84,4.53,1.00,4.38,4.76,5.53,67.81,4.38,5.30,0.92,2.07,0.00,7.22,0.00,7.76,4.38,0.00,6.53,5.38,8.76,0.00,0.08,3.00,6.91,5.15,0.00,139.93,13.13,11.37,3.38,12.44,3.69,12.90,12.06,5.22,12.29,11.29,13.75,10.21,12.44,5.76,124.92,10.26,11.42,12.90,11.37,12.60,9.48,7.25,10.26,7.62,10.33,9.92,11.52,116.59,4.70,7.59,9.06,7.18,8.07,7.59,8.34,8.82,6.98,9.06,9.98,7.73,7.52,5.04,8.91,124.07,10.37,7.25,3.83,9.10,8.28,9.68,11.29,10.21,9.64,11.06,8.00,10.91,5.29,9.17,106.60,6.18,11.63,12.29,12.45,8.76,8.10,8.58,11.90,15.13,11.58,168.42,9.37,8.52,9.14,7.68,9.98,7.99,6.84,9.60,7.22,8.83,8.06,8.22,6.37,9.75,8.83,7.37,9.37,9.60,7.07,8.60,17.89,0.00,5.99,0.08,0.38,5.99,0.08,3.46,0.08,0.00,1.31,0.38,0.15,0.00,0.00,101.13,7.66,5.64,7.11,5.61,3.00,6.36,8.99,6.70,6.99,7.45,7.37,2.70,9.52,7.73,8.29,62.21,7.53,6.45,5.53,6.68,0.08,4.45,5.07,0.00,5.84,6.45,7.45,0.08,6.60]
,
  "rssi": 
[0,-67.43,-51.20,-54.64,-66.00,-64.51,-55.47,-54.71,-64.09,-67.00,-66.79,-61.01,0,-66.48,-61.51,-67.21,-61.82,-53.95,-64.65,-61.89,-65.82,-62.65,-67.45,-56.09,-55.17,-62.76,-66.65,-64.00,-63.81,-63.32,0,-61.79,-61.66,-65.36,-64.73,-68.06,-60.04,-70.27,-57.73,-62.77,-66.71,-61.58,-61.77,-54.59,-69.35,-68.66,-65.90,-64.96,-62.30,-65.92,0,-65.22,-60.71,-67.35,-66.42,-66.81,-67.09,-67.18,-68.25,-56.58,-61.10,-63.68,-63.12,-63.17,-65.18,0,-59.12,-62.68,-45.58,-57.23,-56.84,-64.17,-65.40,-60.34,-65.14,-59.72,-60.65,-57.57,0,-65.17,-59.54,-49.61,-63.70,-60.68,-61.02,-59.26,-60.78,-62.84,-57.97,-56.87,-61.54,-60.75,-64.42,-49.58,0,-53.83,-61.86,-65.37,-62.11,-61.73,-56.20,-45.70,-46.77,-62.55,-55.47,-59.02,-55.29,-65.06,-59.80,0,-64.17,-59.69,-51.19,-62.46,-64.18,-64.52,-64.88,-59.40,-56.60,-64.96,0,-67.79,-65.13,-62.79,-65.16,-63.41,-58.92,-67.98,-57.75,-63.06,-65.12,-64.38,-68.43,-68.06,-67.39,-67.58,-67.48,-64.22,-63.28,-67.61,-65.07,0,-65.11,-56.69,-70.04,-69.20,-59.32,-68.20,-58.36,-71.05,-64.75,-65.92,-69.11,-65.05,-67.93,-67.71,0,-61.67,-64.30,-59.33,-63.28,-64.29,-64.56,-48.32,-62.70,-53.24,-46.85,-56.15,-64.70,-56.47,-61.07,-55.59,0,-48.15,-67.48,-68.15,-70.60,-62.93,-65.39,-62.23,-67.74,-69.12,-61.72,-55.98,-70.35,-66.76]
,
  "interference": 
[[0,-82.35,-106.97,-122.99,-79.34,-88.83,-105.59,-122.95,-103.96,-111.61,-116.81,-136.98], [-82.35,0,-85.36,-103.96,-88.83,-79.34,-88.83,-105.59,-108.60,-106.97,-105.59,-122.83], [-103.96,-82.35,0,-82.35,-105.59,-88.83,-79.34,-88.83,-119.82,-111.61,-100.95,-111.61], [-122.99,-103.96,-85.36,0,-122.95,-105.59,-88.83,-79.34,-133.97,-122.83,-105.59,-106.97], [-82.35,-91.84,-111.61,-125.96,0,-79.34,-100.95,-119.98,-82.35,-94.85,-105.59,-128.97], [-91.84,-82.35,-94.85,-108.60,-79.34,0,-79.34,-100.95,-91.84,-85.36,-88.83,-111.61], [-108.60,-91.84,-85.36,-91.84,-100.95,-79.34,0,-79.34,-108.60,-94.85,-79.34,-94.85], [-125.96,-108.60,-94.85,-82.35,-119.98,-100.95,-79.34,0,-125.96,-111.61,-88.83,-85.36], [-103.96,-108.60,-122.83,-133.97,-79.34,-88.83,-105.59,-122.95,0,-85.36,-100.95,-126.00], [-108.60,-103.96,-111.61,-119.82,-88.83,-79.34,-88.83,-105.59,-82.35,0,-79.34,-106.97], [-119.82,-108.60,-106.97,-108.60,-105.59,-88.83,-79.34,-88.83,-103.96,-85.36,0,-85.36], [-133.97,-119.82,-111.61,-103.96,-122.95,-105.59,-88.83,-79.34,-122.99,-106.97,-79.34,0]]
}
