{
  "throughput": 
[76.34,3.92,10.52,11.06,11.75,2.15,8.83,3.30,3.92,5.22,11.67,3.99,48.77,3.99,4.38,5.61,4.15,3.84,1.00,4.45,3.38,3.84,2.69,3.38,3.84,4.22,44.93,5.15,2.76,3.38,0.84,4.68,6.14,2.69,4.22,3.84,3.23,3.46,2.84,0.84,0.84,80.95,2.15,2.76,5.76,4.76,4.07,4.84,2.15,4.30,5.30,5.15,5.68,5.45,2.84,5.30,5.45,6.14,3.07,1.08,4.68,15.97,0.15,4.53,2.30,0.31,0.38,2.84,0.00,0.00,0.31,3.84,1.31,15.74,1.77,1.00,1.31,1.15,0.31,0.54,0.84,1.31,0.15,0.23,0.46,0.77,1.38,0.69,1.08,0.31,0.15,1.54,0.77,17.59,1.31,1.77,0.00,0.15,3.00,2.76,2.15,3.23,0.46,2.76,19.12,0.69,4.38,2.15,0.00,2.46,7.22,0.31,0.38,1.08,0.46,125.03,10.37,21.27,11.75,12.29,16.82,3.30,0.46,15.97,16.28,0.31,16.20,82.88,7.80,8.21,5.81,7.32,8.99,7.91,8.07,8.29,3.92,4.99,3.76,7.05,0.75,74.80,2.30,1.84,12.13,10.21,5.22,2.38,11.37,10.37,9.29,9.68,84.33,10.60,2.76,6.22,8.45,4.99,2.61,3.53,8.91,7.37,0.23,7.30,8.83,3.69,8.83]
,
  "rssi": 
[0,-67.00,-62.56,-67.58,-63.51,-67.19,-61.72,-68.43,-66.51,-65.38,-57.56,-68.06,0,-61.49,-62.23,-56.92,-60.10,-58.20,-67.21,-60.48,-61.70,-68.17,-63.93,-59.08,-66.32,-46.63,0,-59.74,-66.16,-68.14,-67.05,-63.41,-52.98,-63.11,-66.38,-63.25,-62.76,-61.41,-62.73,-67.81,-68.08,0,-64.22,-64.02,-65.21,-58.06,-67.42,-61.71,-67.59,-56.63,-62.98,-58.14,-61.43,-54.26,-66.48,-60.28,-55.71,-50.94,-63.63,-68.10,-60.40,0,-65.66,-62.49,-70.17,-67.62,-66.87,-66.46,-71.10,-66.55,-71.07,-67.01,-67.48,0,-58.17,-66.77,-61.97,-58.33,-64.12,-61.99,-60.52,-47.81,-66.06,-65.81,-65.34,-64.08,-49.61,-65.68,-59.85,-65.66,-67.15,-58.66,-61.93,0,-65.17,-65.17,-67.91,-67.61,-60.02,-53.83,-62.96,-54.89,-68.01,-57.79,0,-69.40,-65.96,-66.40,-69.92,-66.35,-66.45,-68.30,-71.25,-68.12,-69.39,0,-71.31,-65.47,-70.30,-70.79,-59.52,-67.50,-69.77,-57.23,-52.39,-71.37,-53.16,0,-59.74,-59.48,-62.15,-61.45,-54.69,-43.79,-59.74,-55.32,-65.08,-62.98,-58.71,-63.64,-62.99,0,-65.74,-66.89,-59.97,-59.65,-67.87,-66.51,-67.41,-59.20,-66.03,-43.90,0,-63.95,-68.06,-65.15,-61.52,-67.69,-68.20,-68.35,-64.45,-62.04,-70.64,-64.81,-63.97,-66.28,-65.58]
,
  "interference": 
[[0,-75.93,-93.68,-108.87,-76.60,-82.44,-96.67,-113.74,-93.07,-91.31,-104.10,-118.85], [-75.93,0,-75.93,-93.68,-85.45,-73.59,-82.44,-99.68,-97.33,-87.05,-94.32,-107.11], [-93.68,-75.93,0,-75.93,-99.68,-82.44,-73.59,-85.45,-107.11,-91.31,-90.06,-97.33], [-108.87,-93.68,-75.93,0,-113.74,-96.67,-82.44,-76.60,-118.85,-101.09,-94.32,-93.07], [-73.59,-82.44,-96.67,-110.73,0,-75.93,-93.68,-111.88,-76.60,-79.43,-96.67,-113.74], [-82.44,-73.59,-82.44,-96.67,-78.94,0,-75.93,-96.69,-85.45,-70.58,-82.44,-99.68], [-96.67,-82.44,-73.59,-82.44,-96.69,-75.93,0,-78.94,-99.68,-79.43,-73.59,-85.45], [-110.73,-96.67,-82.44,-73.59,-111.88,-93.68,-75.93,0,-113.74,-93.66,-82.44,-76.60], [-90.06,-94.32,-104.10,-115.84,-76.60,-82.44,-96.67,-113.74,0,-72.92,-93.68,-111.88], [-94.32,-90.06,-94.32,-104.10,-85.45,-73.59,-82.44,-99.68,-78.94,0,-75.93,-96.69], [-104.10,-94.32,-90.06,-94.32,-99.68,-82.44,-73.59,-85.45,-96.69,-72.92,0,-78.94], [-115.84,-104.10,-94.32,-90.06,-113.74,-96.67,-82.44,-76.60,-111.88,-90.67,-75.93,0]]
}
