{
  "throughput": 
[109.98,7.83,4.45,7.91,4.45,6.30,1.69,3.92,8.14,7.37,6.76,7.83,2.92,8.68,6.91,7.14,8.22,9.45,62.95,7.68,0.44,7.22,0.31,0.89,0.46,0.54,6.59,1.92,1.31,4.37,7.53,0.54,1.77,0.89,5.99,5.91,8.60,45.18,3.15,1.20,1.92,0.48,1.78,0.48,2.67,3.92,3.28,4.22,4.84,2.23,2.05,5.68,1.50,1.03,0.24,2.39,1.50,0.62,101.54,11.98,8.81,3.59,11.14,2.82,11.37,11.29,8.12,0.38,0.08,1.61,9.52,9.84,10.98,63.04,3.35,4.45,4.10,4.58,5.15,4.22,4.17,4.38,3.83,5.07,3.76,3.15,3.35,4.56,4.92,13.29,0.31,0.61,0.31,0.15,0.77,0.84,0.31,1.77,0.84,1.00,1.69,0.23,0.77,0.54,1.61,1.54,99.95,0.00,2.43,14.28,0.38,10.60,7.29,10.91,1.46,11.37,15.13,0.00,2.53,7.83,15.74,10.14,1.08,1.00,0.23,1.08,0.77,0.69,0.54,0.23,1.38,0.00,0.08,0.00,1.54,1.08,0.00,0.00,0.00,0.00,0.31,0.15,66.62,3.63,3.83,3.35,3.48,4.26,3.42,5.07,2.87,3.56,3.83,4.22,3.92,3.83,5.45,4.53,4.79,2.58,113.28,6.78,6.02,6.76,5.76,5.06,7.07,7.60,6.60,7.53,6.30,5.34,5.76,6.63,6.30,5.20,6.57,5.02,6.99,105.51,3.56,4.10,7.76,5.13,7.11,6.57,1.50,8.52,5.46,5.75,3.78,8.68,4.92,6.76,4.20,7.07,6.91,7.73,120.98,3.00,8.29,4.79,8.52,7.91,9.45,6.70,9.06,3.28,2.42,8.00,2.19,7.45,6.77,7.22,9.06,7.87,8.99]
,
  "rssi": 
[0,-52.10,-59.69,-65.01,-61.40,-58.29,-65.71,-62.28,-57.54,-48.64,-67.62,-62.71,-64.53,-64.90,-59.25,-66.22,-55.23,-67.41,0,-61.36,-63.40,-47.26,-61.69,-68.40,-67.67,-66.67,-63.97,-65.12,-65.87,-62.49,-59.30,-67.42,-60.45,-68.04,-63.07,-60.77,-54.98,0,-62.20,-64.99,-62.77,-60.50,-61.08,-63.29,-63.40,-52.78,-63.96,-57.88,-50.36,-58.95,-60.88,-41.19,-65.23,-60.00,-64.99,-62.97,-60.67,-63.83,0,-64.82,-66.47,-65.59,-62.95,-67.61,-61.20,-66.87,-65.55,-67.35,-68.42,-65.88,-61.09,-68.40,-43.31,0,-61.75,-59.72,-63.74,-61.63,-55.11,-53.61,-60.85,-58.77,-63.22,-48.70,-60.69,-65.31,-62.67,-64.27,-64.11,0,-65.90,-59.40,-66.26,-67.31,-65.46,-63.40,-67.93,-56.44,-67.61,-59.61,-61.53,-68.01,-66.39,-64.77,-55.74,-45.13,0,-71.37,-69.60,-56.31,-68.99,-60.08,-65.35,-61.70,-69.69,-57.06,-61.60,-70.70,-66.49,-66.36,-56.76,0,-58.56,-58.21,-64.42,-60.17,-60.29,-62.98,-58.56,-67.38,-53.26,-64.49,-71.37,-69.37,-52.87,-51.58,-66.77,-70.19,-69.33,-70.75,-64.27,-65.04,0,-63.06,-61.75,-61.83,-64.52,-64.07,-60.57,-58.70,-59.45,-60.22,-63.17,-58.32,-58.23,-62.91,-57.24,-54.82,-62.81,-64.27,0,-64.47,-60.34,-55.45,-65.01,-65.26,-58.99,-56.66,-50.92,-54.20,-64.43,-59.65,-64.20,-63.44,-54.23,-65.23,-63.05,-65.30,-57.87,0,-62.24,-60.13,-47.11,-60.96,-60.90,-60.88,-65.33,-50.42,-64.78,-61.28,-65.23,-51.76,-59.98,-57.14,-65.20,-54.19,-62.69,-63.52,0,-64.84,-45.82,-61.68,-50.31,-51.54,-57.96,-59.18,-58.46,-63.81,-65.15,-62.96,-65.27,-58.42,-61.37,-55.95,-46.67,-62.92,-57.85]
,
  "interference": 
[[0,-82.35,-100.95,-122.99,-79.34,-91.84,-111.61,-128.97,-100.95,-105.59,-116.81,-130.96], [-82.35,0,-79.34,-103.96,-88.83,-82.35,-94.85,-111.61,-105.59,-100.95,-105.59,-116.81], [-103.96,-82.35,0,-82.35,-105.59,-91.84,-85.36,-94.85,-116.81,-105.59,-100.95,-105.59], [-122.99,-103.96,-79.34,0,-122.95,-108.60,-94.85,-85.36,-130.96,-116.81,-105.59,-100.95], [-82.35,-91.84,-105.59,-125.96,0,-82.35,-106.97,-126.00,-79.34,-88.83,-105.59,-122.95], [-91.84,-82.35,-88.83,-108.60,-79.34,0,-85.36,-106.97,-88.83,-79.34,-88.83,-105.59], [-108.60,-91.84,-79.34,-91.84,-100.95,-82.35,0,-85.36,-105.59,-88.83,-79.34,-88.83], [-125.96,-108.60,-88.83,-82.35,-119.98,-103.96,-85.36,0,-122.95,-105.59,-88.83,-79.34], [-103.96,-108.60,-116.81,-133.97,-79.34,-91.84,-111.61,-128.97,0,-79.34,-100.95,-119.98], [-108.60,-103.96,-105.59,-119.82,-88.83,-82.35,-94.85,-111.61,-79.34,0,-79.34,-100.95], [-119.82,-108.60,-100.95,-108.60,-105.59,-91.84,-85.36,-94.85,-100.95,-79.34,0,-79.34], [-133.97,-119.82,-105.59,-103.96,-122.95,-108.60,-94.85,-85.36,-119.98,-100.95,-79.34,0]]
}
