{
  "throughput": 
[59.44,6.53,5.53,5.53,6.30,6.76,5.38,5.45,5.38,6.37,6.22,61.59,2.07,8.99,8.60,6.76,10.29,0.08,7.83,7.60,8.52,0.84,13.59,0.08,0.61,2.00,2.00,0.00,1.15,2.38,1.84,1.38,0.31,0.08,1.77,94.46,14.90,8.52,9.60,8.14,8.68,0.08,11.75,13.36,7.30,12.13,88.32,9.75,8.83,0.23,0.69,11.60,9.83,0.31,0.54,0.08,6.99,9.52,11.29,0.31,12.29,6.07,79.79,6.22,5.68,6.14,6.02,8.14,1.98,0.82,4.68,5.88,8.29,4.51,0.62,8.06,7.25,5.47,58.06,5.07,6.60,3.49,2.67,6.07,5.40,3.15,1.44,3.69,5.84,0.82,5.07,4.10,0.41,1.78,2.46,23.35,1.23,0.38,1.46,1.84,2.23,2.30,1.54,1.84,2.61,2.00,1.84,2.46,0.00,1.15,0.31,0.15,164.89,14.67,16.44,17.51,15.28,15.74,14.52,13.75,12.06,13.36,14.67,0.08,16.82,36.28,1.14,1.22,0.21,7.68,5.98,1.38,0.08,7.45,2.92,8.22,89.82,3.72,6.09,3.63,3.78,5.13,4.68,2.28,1.92,6.02,3.06,6.60,1.82,4.14,5.47,4.86,5.84,5.68,6.09,3.35,5.68,130.56,9.92,6.79,11.98,9.71,10.26,10.21,8.04,9.64,10.75,9.64,13.29,10.60,9.71]
,
  "rssi": 
[0,-58.33,-67.26,-65.13,-66.99,-63.29,-67.02,-58.97,-61.16,-58.39,-67.10,0,-65.63,-66.46,-60.77,-66.82,-56.76,-66.52,-63.91,-60.80,-57.30,-64.10,0,-65.88,-66.44,-68.00,-62.79,-67.90,-63.89,-67.94,-67.62,-62.85,-67.89,-68.04,-62.97,0,-49.72,-68.23,-59.70,-66.33,-64.46,-66.66,-66.46,-58.01,-68.32,-63.97,0,-53.26,-63.47,-69.21,-62.66,-59.13,-66.93,-67.19,-68.41,-67.63,-70.86,-59.14,-59.00,-67.90,-56.12,-67.65,0,-60.99,-62.29,-54.11,-59.72,-63.54,-62.44,-63.40,-58.77,-61.86,-52.06,-59.68,-62.20,-51.67,-61.24,-65.23,0,-56.34,-52.34,-63.14,-60.21,-52.58,-62.23,-60.54,-64.82,-60.62,-51.54,-62.40,-47.69,-59.69,-65.42,-63.70,-64.61,0,-64.42,-67.57,-61.38,-55.21,-53.59,-66.29,-66.64,-56.63,-54.39,-63.17,-64.66,-56.31,-67.64,-67.45,-67.18,-67.94,0,-50.62,-69.33,-61.10,-71.34,-58.58,-66.52,-66.61,-61.90,-64.22,-58.59,-68.84,-52.30,0,-62.19,-64.48,-67.60,-56.84,-64.39,-67.84,-68.39,-60.90,-60.13,-51.67,0,-64.22,-60.56,-63.50,-64.43,-63.80,-64.67,-65.30,-65.26,-60.14,-65.27,-53.93,-65.39,-64.17,-59.04,-59.61,-51.19,-63.10,-63.15,-63.47,-63.05,0,-59.60,-65.33,-50.96,-60.53,-59.77,-58.92,-64.65,-59.35,-55.53,-59.54,-53.86,-61.66,-62.02]
,
  "interference": 
[[0,-79.23,-98.91,-116.02,-81.17,-84.25,-99.72,-118.44,-100.20,-101.61,-109.06,-121.99], [-79.23,0,-79.23,-98.91,-90.27,-75.14,-84.25,-102.73,-104.62,-97.19,-98.60,-109.06], [-98.91,-79.23,0,-79.23,-105.74,-84.25,-75.14,-87.26,-115.08,-101.61,-94.18,-98.60], [-116.02,-98.91,-79.23,0,-121.45,-99.72,-84.25,-78.16,-128.01,-112.07,-98.60,-94.18], [-78.16,-87.26,-102.73,-118.44,0,-76.22,-95.90,-116.02,-81.17,-87.26,-99.72,-115.43], [-87.26,-78.16,-87.26,-102.73,-82.24,0,-76.22,-98.91,-90.27,-78.16,-84.25,-99.72], [-102.73,-87.26,-78.16,-87.26,-101.93,-76.22,0,-79.23,-105.74,-87.26,-75.14,-84.25], [-118.44,-102.73,-87.26,-78.16,-119.03,-95.90,-76.22,0,-121.45,-102.73,-84.25,-75.14], [-97.19,-101.61,-112.07,-125.00,-81.17,-84.25,-99.72,-118.44,0,-79.23,-95.90,-113.01], [-101.61,-97.19,-101.61,-112.07,-90.27,-75.14,-84.25,-102.73,-82.24,0,-76.22,-95.90], [-112.07,-101.61,-97.19,-101.61,-105.74,-84.25,-75.14,-87.26,-101.93,-79.23,0,-76.22], [-125.00,-112.07,-101.61,-97.19,-121.45,-99.72,-84.25,-78.16,-119.03,-98.91,-76.22,0]]
}
