{
  "throughput": 
[94.54,7.53,2.69,6.14,3.15,4.22,7.53,6.68,5.07,1.69,7.68,0.00,2.46,5.91,7.30,0.00,6.68,4.76,6.91,6.07,2.07,60.13,6.30,7.99,2.07,8.91,8.29,3.38,9.37,7.45,0.92,5.45,20.18,1.00,1.15,2.07,0.84,1.37,0.61,0.84,1.84,0.77,1.14,0.31,0.23,2.00,0.69,1.23,1.46,0.15,0.54,1.92,70.07,1.67,5.90,10.37,5.16,10.44,4.38,9.82,8.76,9.75,3.84,17.66,2.30,1.69,0.00,0.08,0.54,0.92,0.00,0.92,1.54,1.61,1.00,0.08,2.23,2.15,0.08,0.00,0.23,1.15,0.00,1.15,5.76,0.08,0.00,0.23,0.08,0.00,0.23,0.46,0.23,0.92,1.61,0.15,0.00,1.77,6.22,1.08,0.61,0.23,0.15,0.15,0.61,0.54,0.08,0.00,1.31,0.00,1.46,99.53,8.16,6.84,11.44,8.96,9.51,5.75,8.62,11.14,11.14,7.39,10.60,84.94,7.32,7.05,4.38,3.72,10.14,8.76,9.91,7.18,6.54,6.42,8.07,5.46,110.15,7.18,8.34,6.66,6.02,3.97,7.52,6.84,5.11,10.44,4.33,7.68,7.46,6.96,8.99,5.75,6.90,118.80,11.60,12.44,7.39,8.89,10.19,12.31,12.11,13.06,7.89,11.01,11.90,124.46,4.08,7.83,5.95,7.37,9.22,6.60,6.77,6.91,7.68,7.07,6.71,6.14,4.66,7.07,7.45,4.84,6.03,6.76,5.32]
,
  "rssi": 
[0,-61.40,-71.27,-67.29,-70.41,-71.35,-60.30,-60.91,-70.73,-69.50,-59.79,-69.53,-70.94,-62.01,-59.63,-68.87,-69.17,-70.96,-70.35,-67.83,-66.50,0,-64.43,-63.25,-67.02,-66.88,-63.03,-66.97,-67.67,-63.66,-68.23,-64.80,0,-64.99,-57.39,-53.99,-63.51,-66.73,-68.15,-67.88,-56.89,-55.07,-63.28,-68.22,-67.96,-51.93,-61.51,-61.20,-66.37,-66.97,-65.05,-62.01,0,-65.30,-64.84,-58.74,-65.43,-55.47,-63.22,-59.30,-56.71,-56.87,-62.52,0,-59.62,-64.32,-69.78,-66.88,-64.00,-62.16,-70.63,-70.03,-66.36,-68.20,-70.89,-71.01,-67.18,-58.08,-68.21,-66.91,-67.91,-62.69,-68.53,-61.55,0,-68.69,-66.08,-65.10,-67.20,-70.92,-66.86,-59.60,-66.05,-60.41,-54.85,-62.46,-68.29,-54.85,0,-62.02,-58.20,-65.74,-64.05,-65.15,-61.35,-63.97,-67.54,-67.20,-54.86,-67.18,-55.01,0,-64.42,-64.54,-46.65,-61.79,-60.92,-63.19,-62.46,-56.91,-53.44,-61.87,-57.05,0,-61.72,-61.07,-64.72,-64.31,-57.94,-61.87,-52.07,-63.95,-64.31,-64.10,-63.30,-64.88,0,-61.12,-62.20,-64.76,-59.60,-65.04,-63.80,-64.50,-65.24,-46.92,-65.31,-54.90,-62.91,-64.99,-58.24,-60.36,-64.81,0,-54.60,-53.79,-65.23,-63.63,-62.03,-60.13,-62.35,-59.44,-65.21,-63.30,-46.24,0,-60.48,-57.18,-59.62,-52.33,-57.78,-57.64,-64.78,-55.55,-57.21,-53.02,-59.36,-63.89,-64.13,-57.31,-58.27,-59.01,-59.40,-61.98,-63.68]
,
  "interference": 
[[0,-75.93,-93.68,-105.86,-76.60,-85.45,-96.67,-107.72,-87.05,-91.31,-101.09,-112.83], [-78.94,0,-75.93,-90.67,-85.45,-76.60,-82.44,-93.66,-91.31,-87.05,-91.31,-101.09], [-96.69,-75.93,0,-72.92,-99.68,-85.45,-73.59,-79.43,-101.09,-91.31,-87.05,-91.31], [-111.88,-93.68,-75.93,0,-113.74,-99.68,-82.44,-70.58,-112.83,-101.09,-91.31,-87.05], [-76.60,-82.44,-96.67,-107.72,0,-78.94,-93.68,-105.86,-70.58,-79.43,-93.66,-107.72], [-85.45,-73.59,-82.44,-93.66,-78.94,0,-75.93,-90.67,-79.43,-70.58,-79.43,-93.66], [-99.68,-82.44,-73.59,-79.43,-96.69,-78.94,0,-72.92,-93.66,-79.43,-70.58,-79.43], [-113.74,-96.67,-82.44,-70.58,-111.88,-96.69,-75.93,0,-107.72,-93.66,-79.43,-70.58], [-93.07,-94.32,-104.10,-112.83,-76.60,-85.45,-96.67,-107.72,0,-72.92,-90.67,-105.86], [-97.33,-90.06,-94.32,-101.09,-85.45,-76.60,-82.44,-93.66,-72.92,0,-72.92,-90.67], [-107.11,-94.32,-90.06,-91.31,-99.68,-85.45,-73.59,-79.43,-90.67,-72.92,0,-72.92], [-118.85,-104.10,-94.32,-87.05,-113.74,-99.68,-82.44,-70.58,-105.86,-90.67,-72.92,0]]
}
