{
  "throughput": 
[143.92,8.52,11.37,18.05,15.74,10.52,16.36,16.90,15.13,17.97,13.36,99.07,4.68,8.45,7.45,3.46,7.60,3.23,11.67,1.00,8.45,2.92,2.23,13.44,10.68,12.29,1.54,147.30,10.37,23.19,5.68,16.74,10.75,19.74,23.50,21.96,5.07,10.29,86.94,2.69,12.83,9.98,1.84,14.82,0.69,9.06,10.91,8.60,1.08,9.06,5.38,23.73,2.23,4.30,2.76,0.69,3.23,3.30,2.38,0.61,0.15,0.54,0.15,3.38,48.84,5.53,0.08,4.92,0.15,4.30,3.38,0.92,1.23,4.15,1.61,0.38,6.45,1.92,2.53,0.84,6.30,4.15,25.96,0.69,0.46,1.46,3.30,1.00,1.00,0.00,0.31,0.92,1.00,3.30,5.68,0.00,5.84,1.00,0.00,0.00,0.00,105.22,1.15,9.29,5.38,2.92,5.76,7.83,12.36,5.38,9.75,10.98,11.75,11.83,10.83,100.22,0.84,1.84,10.75,10.37,10.91,9.14,8.99,2.15,0.31,8.60,9.22,0.77,8.68,8.52,9.14,88.32,9.91,11.21,0.92,11.21,9.98,12.36,8.60,1.08,9.91,6.14,6.99,69.25,6.99,6.45,6.22,4.99,6.99,6.53,5.13,4.04,6.02,3.76,5.53,6.60,67.45,3.84,4.31,5.22,3.63,3.72,5.13,5.45,4.24,4.68,5.40,3.76,4.99,4.38,4.31,4.38]
,
  "rssi": 
[0,-62.44,-61.20,-57.76,-56.91,-59.09,-60.99,-56.26,-68.13,-60.18,-55.50,0,-66.03,-62.76,-62.85,-69.91,-62.59,-71.18,-62.57,-68.81,-59.59,-70.39,-70.81,-56.70,-58.27,-51.90,-70.17,0,-66.39,-54.34,-70.58,-64.27,-70.04,-62.57,-61.08,-55.90,-69.53,-68.63,0,-63.48,-55.61,-70.14,-70.91,-58.85,-71.46,-70.80,-70.04,-70.06,-69.37,-70.61,-66.42,0,-64.60,-54.66,-59.29,-68.52,-62.50,-62.63,-69.40,-68.37,-71.21,-66.66,-71.22,-59.42,0,-63.01,-70.19,-63.51,-71.37,-62.23,-64.89,-69.07,-68.83,-62.51,-66.94,-69.46,-51.82,-68.23,-65.90,-69.40,-62.44,-63.13,0,-67.40,-66.26,-63.15,-63.53,-66.08,-65.93,-70.88,-69.73,-66.98,-66.75,-63.35,-60.82,-71.19,-55.21,-66.45,-70.94,-69.34,-70.48,0,-65.66,-62.04,-68.01,-64.29,-65.27,-62.29,-63.68,-65.94,-63.60,-58.37,-64.81,-60.86,-57.34,0,-66.74,-65.92,-66.65,-63.99,-47.76,-66.65,-65.68,-62.69,-67.64,-63.01,-57.10,-68.25,-57.00,-65.79,-58.43,0,-61.67,-59.06,-66.98,-57.28,-66.02,-48.07,-64.64,-68.42,-43.51,-57.76,-57.60,0,-52.26,-57.41,-53.04,-59.06,-58.77,-56.16,-63.13,-60.54,-60.25,-59.81,-53.91,-47.84,0,-65.01,-60.06,-57.52,-63.00,-64.92,-60.96,-58.99,-61.84,-54.61,-61.09,-53.91,-62.78,-58.46,-60.16,-62.72]
,
  "interference": 
[[0,-85.36,-106.97,-126.00,-85.36,-94.85,-111.61,-125.96,-103.96,-108.60,-116.81,-130.96], [-82.35,0,-85.36,-106.97,-94.85,-85.36,-94.85,-108.60,-108.60,-103.96,-105.59,-116.81], [-103.96,-85.36,0,-85.36,-111.61,-94.85,-85.36,-91.84,-119.82,-108.60,-100.95,-105.59], [-122.99,-106.97,-85.36,0,-128.97,-111.61,-94.85,-82.35,-133.97,-119.82,-105.59,-100.95], [-82.35,-94.85,-111.61,-128.97,0,-85.36,-106.97,-122.99,-82.35,-91.84,-105.59,-122.95], [-91.84,-85.36,-94.85,-111.61,-85.36,0,-85.36,-103.96,-91.84,-82.35,-88.83,-105.59], [-108.60,-94.85,-85.36,-94.85,-106.97,-85.36,0,-82.35,-108.60,-91.84,-79.34,-88.83], [-125.96,-111.61,-94.85,-85.36,-126.00,-106.97,-85.36,0,-125.96,-108.60,-88.83,-79.34], [-103.96,-111.61,-122.83,-136.98,-85.36,-94.85,-111.61,-125.96,0,-82.35,-100.95,-119.98], [-108.60,-106.97,-111.61,-122.83,-94.85,-85.36,-94.85,-108.60,-82.35,0,-79.34,-100.95], [-119.82,-111.61,-106.97,-111.61,-111.61,-94.85,-85.36,-91.84,-103.96,-82.35,0,-79.34], [-133.97,-122.83,-111.61,-106.97,-128.97,-111.61,-94.85,-82.35,-122.99,-103.96,-79.34,0]]
}
