{
  "throughput": 
[78.78,3.12,4.17,7.07,6.22,5.95,6.91,6.43,5.61,4.20,1.38,3.08,2.52,6.76,3.18,7.45,4.74,27.59,1.84,1.46,1.23,0.05,2.07,2.61,0.54,1.54,0.08,2.30,2.30,0.31,1.38,2.30,2.00,1.84,2.30,1.31,0.14,89.80,10.91,5.38,10.29,9.60,13.59,10.26,14.28,0.61,13.59,1.30,106.48,9.78,7.39,11.90,9.78,5.34,10.52,2.01,9.92,10.91,10.74,9.10,9.10,77.26,7.53,3.28,4.72,3.21,4.17,5.68,5.68,5.38,4.17,4.68,6.30,4.53,6.22,5.40,6.30,130.47,11.06,10.12,9.92,11.83,10.05,8.34,10.05,8.21,8.82,12.52,10.47,8.55,10.52,3.28,0.21,0.31,0.46,0.34,0.21,0.21,0.46,0.48,0.21,0.41,99.15,14.75,1.56,12.24,13.52,10.14,11.42,11.56,11.34,2.12,10.50,61.03,5.30,3.00,1.29,2.23,4.22,5.84,4.15,5.38,4.30,4.99,0.00,4.74,0.83,4.56,2.15,4.99,3.07,66.56,6.60,1.60,6.84,7.39,2.01,7.50,6.91,3.24,3.90,7.30,1.82,8.76,2.70,102.65,5.81,7.07,1.28,8.00,7.93,7.07,7.66,9.52,8.22,7.93,5.81,6.84,1.86,8.14,8.45,1.05,143.48,14.09,16.74,15.90,13.75,14.59,15.82,15.51,14.59,9.35,13.13]
,
  "rssi": 
[0,-64.23,-60.49,-53.61,-52.69,-62.92,-63.50,-61.46,-57.58,-64.37,-64.82,-63.38,-64.31,-54.89,-64.97,-53.00,-65.39,0,-62.20,-64.17,-61.24,-68.37,-59.92,-55.46,-66.39,-61.53,-64.64,-59.71,-59.32,-66.14,-63.25,-64.23,-56.51,-56.88,-51.56,-67.52,-67.75,0,-51.93,-66.10,-67.20,-68.17,-53.13,-68.20,-66.64,-66.15,-64.55,-66.18,0,-59.91,-62.32,-57.61,-63.41,-64.36,-50.20,-65.18,-62.57,-58.50,-62.61,-63.58,-61.94,0,-55.42,-65.23,-63.10,-60.62,-59.58,-58.94,-57.15,-57.57,-63.08,-64.91,-57.44,-44.90,-48.42,-61.09,-55.17,0,-53.87,-61.26,-61.37,-58.82,-63.82,-63.67,-60.46,-62.17,-59.04,-45.92,-62.63,-62.80,-42.71,0,-63.16,-57.00,-49.21,-62.04,-59.97,-59.83,-57.41,-59.51,-63.44,-63.84,0,-56.29,-64.46,-63.48,-52.03,-58.67,-63.94,-60.92,-64.55,-62.51,-64.35,0,-51.72,-62.83,-68.02,-64.80,-58.73,-47.91,-59.22,-61.74,-67.48,-54.51,-67.48,-66.11,-67.51,-67.20,-68.21,-53.07,-65.25,0,-64.21,-65.12,-60.76,-59.22,-65.32,-64.46,-56.73,-64.70,-63.61,-56.83,-65.06,-51.88,-64.09,0,-62.78,-57.59,-65.21,-61.04,-62.82,-52.53,-59.10,-44.44,-54.18,-59.18,-62.97,-59.69,-64.97,-50.86,-53.56,-65.15,0,-62.92,-52.99,-51.78,-63.28,-51.39,-58.76,-52.27,-58.66,-65.38,-62.84]
,
  "interference": 
[[0,-75.93,-93.68,-105.86,-70.58,-79.43,-93.66,-107.72,-90.06,-91.31,-101.09,-112.83], [-72.92,0,-75.93,-90.67,-79.43,-70.58,-79.43,-93.66,-94.32,-87.05,-91.31,-101.09], [-90.67,-75.93,0,-72.92,-93.66,-79.43,-70.58,-79.43,-104.10,-91.31,-87.05,-91.31], [-105.86,-93.68,-75.93,0,-107.72,-93.66,-79.43,-70.58,-115.84,-101.09,-91.31,-87.05], [-70.58,-82.44,-96.67,-107.72,0,-72.92,-90.67,-105.86,-73.59,-79.43,-93.66,-107.72], [-79.43,-73.59,-82.44,-93.66,-72.92,0,-72.92,-90.67,-82.44,-70.58,-79.43,-93.66], [-93.66,-82.44,-73.59,-79.43,-90.67,-72.92,0,-72.92,-96.67,-79.43,-70.58,-79.43], [-107.72,-96.67,-82.44,-70.58,-105.86,-90.67,-72.92,0,-110.73,-93.66,-79.43,-70.58], [-87.05,-94.32,-104.10,-112.83,-70.58,-79.43,-93.66,-107.72,0,-72.92,-90.67,-105.86], [-91.31,-90.06,-94.32,-101.09,-79.43,-70.58,-79.43,-93.66,-75.93,0,-72.92,-90.67], [-101.09,-94.32,-90.06,-91.31,-93.66,-79.43,-70.58,-79.43,-93.68,-72.92,0,-72.92], [-112.83,-104.10,-94.32,-87.05,-107.72,-93.66,-79.43,-70.58,-108.87,-90.67,-72.92,0]]
}
