{
  "throughput": 
[143.72,11.52,12.36,10.05,11.97,11.75,15.90,10.88,10.12,13.41,12.75,12.21,10.80,61.13,4.76,4.84,3.53,2.53,4.61,5.38,5.30,4.30,5.15,5.53,4.22,5.68,5.30,71.46,6.99,5.99,6.14,1.23,7.68,5.30,1.92,6.30,0.36,3.47,7.37,4.58,6.30,7.83,61.21,7.30,6.76,7.14,1.46,7.76,2.84,5.53,5.15,6.60,4.38,6.30,110.66,7.22,6.22,5.61,8.52,7.52,6.43,5.61,4.92,7.14,6.29,7.37,6.09,1.92,4.86,4.20,7.05,6.98,6.70,41.70,3.15,2.76,0.00,2.15,5.38,0.08,6.68,0.00,5.61,0.46,0.23,0.46,0.08,4.84,6.91,0.15,0.00,2.07,0.69,16.13,2.00,1.54,0.15,1.69,0.31,0.00,0.69,1.46,0.08,1.61,0.08,2.46,0.15,1.46,1.77,0.23,0.00,0.46,91.39,6.76,7.53,2.23,0.15,4.92,0.84,6.07,3.15,6.22,3.30,6.91,5.38,5.84,7.07,5.22,5.61,1.84,6.60,5.76,165.58,19.28,17.89,12.67,19.28,17.13,18.28,13.67,18.36,11.90,17.13,15.13,1.84,1.08,1.46,0.84,1.31,0.54,1.23,1.15,1.46,0.31,0.69,1.15,0.77,1.31,86.63,8.68,10.91,8.06,8.22,9.22,2.23,9.06,10.60,9.68,0.92,9.06,39.40,2.23,2.92,3.15,3.07,2.46,2.61,1.84,2.76,2.76,2.92,2.15,2.38,1.54,3.30,3.30]
,
  "rssi": 
[0,-49.08,-58.45,-62.89,-61.21,-56.64,-54.84,-60.93,-62.61,-59.77,-52.04,-49.11,-64.46,0,-59.37,-60.37,-64.11,-68.17,-56.89,-64.83,-61.15,-67.53,-56.10,-68.17,-66.04,-59.18,-59.92,0,-50.18,-58.92,-49.39,-63.88,-52.87,-53.24,-60.66,-51.20,-64.09,-65.31,-52.34,-60.29,-56.08,-54.58,0,-61.52,-62.35,-58.39,-70.55,-68.85,-71.21,-63.59,-66.23,-50.81,-71.02,-57.64,0,-58.65,-56.18,-63.84,-52.99,-59.11,-60.59,-63.34,-63.13,-58.72,-61.45,-57.77,-61.94,-64.80,-59.71,-64.12,-62.27,-60.08,-61.07,0,-67.67,-65.19,-70.63,-65.57,-56.32,-66.11,-52.52,-69.40,-58.91,-67.31,-70.56,-60.27,-70.30,-64.31,-57.11,-71.41,-68.19,-68.04,-71.30,0,-58.62,-61.72,-68.53,-56.27,-69.55,-68.46,-68.06,-65.55,-68.23,-63.92,-68.52,-62.42,-69.96,-63.92,-62.85,-69.43,-69.21,-67.58,0,-57.92,-66.62,-61.10,-65.32,-60.61,-64.75,-59.38,-65.77,-66.26,-66.64,-58.76,-61.34,-50.95,-63.84,-68.33,-68.22,-63.57,-56.02,-68.25,0,-58.11,-68.14,-67.94,-51.95,-67.15,-64.70,-63.73,-66.43,-66.23,-60.27,0,-64.38,-67.41,-57.21,-66.71,-55.69,-67.14,-65.50,-57.68,-61.01,-68.01,-66.66,-62.38,-56.74,-64.70,0,-68.13,-58.86,-62.94,-62.33,-57.97,-64.90,-64.15,-62.90,-57.56,-66.07,-67.66,0,-66.47,-57.01,-61.88,-62.24,-66.08,-63.83,-65.48,-63.75,-62.47,-55.88,-55.04,-65.03,-67.68,-62.45,-52.96]
,
  "interference": 
[[0,-79.23,-95.90,-119.03,-75.14,-90.27,-105.74,-118.44,-97.19,-101.61,-112.07,-125.00], [-76.22,0,-76.22,-101.93,-84.25,-81.17,-90.27,-102.73,-101.61,-97.19,-101.61,-112.07], [-95.90,-79.23,0,-82.24,-99.72,-90.27,-81.17,-87.26,-112.07,-101.61,-97.19,-101.61], [-113.01,-98.91,-76.22,0,-115.43,-105.74,-90.27,-78.16,-125.00,-112.07,-101.61,-97.19], [-75.14,-87.26,-99.72,-121.45,0,-82.24,-101.93,-116.02,-78.16,-87.26,-102.73,-118.44], [-84.25,-78.16,-84.25,-105.74,-76.22,0,-82.24,-98.91,-87.26,-78.16,-87.26,-102.73], [-99.72,-87.26,-75.14,-90.27,-95.90,-82.24,0,-79.23,-102.73,-87.26,-78.16,-87.26], [-115.43,-102.73,-84.25,-81.17,-113.01,-101.93,-82.24,0,-118.44,-102.73,-87.26,-78.16], [-94.18,-101.61,-109.06,-128.01,-75.14,-90.27,-105.74,-118.44,0,-79.23,-98.91,-116.02], [-98.60,-97.19,-98.60,-115.08,-84.25,-81.17,-90.27,-102.73,-79.23,0,-79.23,-98.91], [-109.06,-101.61,-94.18,-104.62,-99.72,-90.27,-81.17,-87.26,-98.91,-79.23,0,-79.23], [-121.99,-112.07,-98.60,-100.20,-115.43,-105.74,-90.27,-78.16,-116.02,-98.91,-79.23,0]]
}
