{
  "throughput": 
[104.96,15.97,12.86,13.47,12.93,12.38,16.90,7.45,13.00,120.03,16.90,15.53,14.84,13.21,18.12,16.59,7.87,16.97,60.22,15.36,15.28,10.53,8.52,10.52,81.48,9.78,8.07,7.84,10.94,11.35,13.36,9.52,10.60,49.46,9.60,5.61,5.20,12.36,2.67,11.35,2.67,7.30,0.59,2.00,2.15,0.68,1.69,0.18,137.08,20.04,22.12,15.82,21.58,15.62,5.56,13.96,4.13,18.24,62.70,4.51,13.82,14.44,2.05,14.67,13.13,0.07]
,
  "rssi": 
[0,-48.87,-61.47,-59.65,-62.69,-61.59,-52.33,-57.90,-60.84,0,-50.37,-60.42,-61.25,-48.73,-55.41,-41.61,-61.26,-52.88,0,-54.09,-54.36,-61.42,-57.91,-57.71,0,-63.99,-63.63,-65.24,-61.73,-61.84,-55.54,-57.69,-55.24,0,-64.52,-60.35,-63.18,-57.84,-61.63,-60.42,-60.49,0,-65.26,-51.61,-55.40,-62.47,-55.43,-65.21,0,-50.94,-56.89,-60.12,-57.04,-63.32,-66.12,-68.42,-65.36,-67.12,0,-60.56,-46.05,-54.48,-61.50,-58.94,-52.54,-62.79]
,
  "interference": 
[[0,-79.34,-65.44,-82.16,-79.34,-88.83,-93.68,-96.98], [-79.34,0,-82.16,-65.44,-88.83,-79.34,-99.99,-90.67], [-65.44,-82.16,0,-79.34,-65.44,-82.16,-82.35,-88.83], [-82.16,-65.44,-79.34,0,-82.16,-65.44,-91.84,-79.34], [-79.34,-88.83,-65.44,-82.16,0,-79.34,-68.45,-82.16], [-88.83,-79.34,-82.16,-65.44,-79.34,0,-85.17,-65.44], [-90.67,-96.98,-79.34,-88.83,-65.44,-82.16,0,-79.34], [-96.98,-90.67,-88.83,-79.34,-82.16,-65.44,-82.35,0]]
}
