{
  "throughput": 
[68.97,5.30,5.61,10.21,4.99,7.45,6.84,7.76,8.14,3.15,9.52,66.82,4.38,6.53,5.22,4.92,4.99,5.30,6.99,5.61,5.99,4.61,4.61,6.14,1.54,81.64,5.76,1.44,7.05,6.37,5.88,5.27,7.87,9.52,1.78,7.05,5.27,9.03,9.37,95.85,1.15,9.22,15.21,1.00,9.75,14.90,8.22,3.15,1.31,12.90,5.68,0.69,12.67,37.86,4.22,4.99,3.30,3.76,3.23,2.38,0.38,3.76,4.99,4.38,1.23,1.23,19.66,1.77,1.46,1.08,0.61,1.23,0.38,0.23,0.15,2.00,2.00,2.38,2.07,0.15,0.69,1.23,0.46,1.77,49.00,6.60,7.45,8.68,2.76,1.31,6.76,2.46,0.84,6.37,4.84,0.92,55.14,3.92,2.38,2.61,3.69,2.76,4.07,3.53,3.61,4.07,3.07,3.07,2.76,3.76,3.69,2.84,1.92,3.38,94.16,5.84,6.30,0.54,0.61,0.69,7.22,9.83,8.99,3.07,10.06,5.45,8.45,5.84,10.14,4.07,0.23,6.84,36.32,2.76,2.10,3.08,3.46,2.53,1.85,1.82,1.92,3.07,3.08,2.00,1.03,2.60,2.19,2.84,83.97,6.29,8.99,10.21,7.80,8.99,5.27,5.95,7.98,5.02,6.96,10.52,114.83,6.22,6.91,5.68,6.91,6.70,6.50,0.82,6.43,3.56,6.84,6.98,8.29,8.91,6.16,6.22,5.95,7.83,7.91]
,
  "rssi": 
[0,-68.04,-64.58,-66.31,-67.08,-67.82,-66.89,-55.09,-65.98,-67.63,-62.67,0,-60.60,-52.16,-45.76,-54.94,-55.50,-56.97,-46.57,-63.80,-57.37,-58.79,-52.77,-53.69,-67.07,0,-64.36,-63.32,-59.12,-58.58,-64.61,-60.71,-61.59,-55.80,-62.20,-60.93,-60.13,-63.91,-55.27,0,-67.84,-70.40,-64.82,-66.43,-58.31,-61.80,-65.98,-71.33,-69.81,-62.42,-63.77,-68.25,-58.23,0,-60.41,-64.13,-64.62,-66.60,-56.58,-60.27,-68.22,-63.41,-62.48,-65.32,-60.54,-63.58,0,-62.14,-66.78,-68.41,-67.54,-62.08,-68.14,-64.77,-65.33,-55.38,-61.49,-57.20,-62.13,-68.06,-66.09,-66.88,-68.03,-62.59,0,-65.12,-54.31,-53.35,-67.36,-68.06,-67.52,-62.17,-67.93,-58.92,-61.56,-67.43,0,-58.64,-66.45,-64.29,-65.72,-64.26,-50.73,-55.42,-64.00,-50.93,-67.90,-64.20,-62.84,-60.16,-56.81,-58.54,-67.10,-65.01,0,-66.51,-70.73,-70.92,-70.80,-70.72,-68.01,-67.07,-64.37,-67.71,-57.04,-68.14,-63.76,-70.66,-66.58,-68.06,-71.44,-65.19,0,-57.73,-64.76,-59.69,-54.01,-60.20,-62.14,-65.23,-64.39,-54.46,-62.01,-58.02,-63.80,-62.29,-62.91,-49.43,0,-60.72,-50.42,-56.56,-59.73,-58.35,-63.95,-63.78,-64.26,-65.11,-64.67,-50.82,0,-61.75,-52.72,-60.00,-56.65,-59.99,-62.94,-65.26,-61.62,-62.65,-61.79,-60.43,-58.84,-56.87,-60.74,-63.75,-59.93,-55.35,-43.27]
,
  "interference": 
[[0,-75.93,-90.67,-111.88,-73.59,-82.44,-96.67,-110.73,-93.07,-91.31,-101.09,-112.83], [-75.93,0,-72.92,-96.69,-82.44,-73.59,-82.44,-96.67,-97.33,-87.05,-91.31,-101.09], [-93.68,-75.93,0,-78.94,-96.67,-82.44,-73.59,-82.44,-107.11,-91.31,-87.05,-91.31], [-108.87,-93.68,-72.92,0,-110.73,-96.67,-82.44,-73.59,-118.85,-101.09,-91.31,-87.05], [-73.59,-82.44,-93.66,-113.74,0,-75.93,-93.68,-108.87,-76.60,-79.43,-93.66,-107.72], [-82.44,-73.59,-79.43,-99.68,-75.93,0,-75.93,-93.68,-85.45,-70.58,-79.43,-93.66], [-96.67,-82.44,-70.58,-85.45,-93.68,-75.93,0,-75.93,-99.68,-79.43,-70.58,-79.43], [-110.73,-96.67,-79.43,-76.60,-108.87,-93.68,-75.93,0,-113.74,-93.66,-79.43,-70.58], [-90.06,-94.32,-101.09,-118.85,-73.59,-82.44,-96.67,-110.73,0,-72.92,-90.67,-105.86], [-94.32,-90.06,-91.31,-107.11,-82.44,-73.59,-82.44,-96.67,-78.94,0,-72.92,-90.67], [-104.10,-94.32,-87.05,-97.33,-96.67,-82.44,-73.59,-82.44,-96.69,-72.92,0,-72.92], [-115.84,-104.10,-91.31,-93.07,-110.73,-96.67,-82.44,-73.59,-111.88,-90.67,-72.92,0]]
}
