{
  "throughput": 
[58.50,4.76,4.51,3.53,3.53,2.28,3.07,2.28,2.80,2.39,2.69,3.35,3.07,2.40,2.80,3.90,3.76,1.80,3.15,2.40,52.24,2.67,2.05,2.16,1.98,3.46,4.61,3.76,3.92,1.16,2.84,4.07,1.98,2.05,3.56,4.38,1.03,1.64,3.07,1.85,59.49,3.99,5.30,0.15,3.92,2.14,3.15,2.53,5.22,4.76,0.60,3.15,0.69,1.53,5.38,5.61,6.22,5.15,79.72,6.60,6.30,7.45,7.76,4.22,0.92,3.84,5.30,7.14,4.22,6.30,4.45,2.76,0.77,4.38,7.30,60.61,4.71,3.03,5.88,5.47,7.12,1.18,3.71,6.06,6.60,6.45,5.24,5.15,32.25,2.30,1.85,2.30,2.15,1.85,2.23,1.92,3.15,1.71,2.23,0.96,2.61,2.38,1.78,2.84,13.75,1.23,0.90,0.55,0.92,1.46,1.16,1.15,0.96,1.00,0.75,0.48,0.55,1.31,0.62,0.72,42.01,1.38,5.91,3.46,5.61,3.07,3.15,0.54,3.15,4.84,5.53,5.38,48.23,4.30,3.99,5.61,5.45,2.30,5.68,6.22,4.92,5.61,4.15,24.96,1.92,1.69,1.08,1.15,1.84,1.46,1.23,1.00,2.00,0.00,0.00,2.07,1.54,1.38,0.00,1.38,2.07,0.15,1.54,1.46,33.95,2.84,0.15,2.53,2.76,2.69,2.23,2.46,2.07,1.84,3.15,1.92,2.92,0.00,0.84,2.84,2.69,111.28,7.83,5.99,7.99,7.45,7.99,4.30,6.14,7.37,7.22,6.84,7.30,7.53,4.99,6.07,8.22,8.06]
,
  "rssi": 
[0,-58.77,-63.02,-51.73,-52.56,-64.15,-58.93,-64.89,-62.80,-63.26,-58.56,-61.09,-50.09,-64.90,-62.73,-63.81,-64.01,-64.81,-59.31,-64.41,0,-62.23,-59.82,-64.76,-61.69,-47.38,-51.96,-46.32,-54.35,-62.62,-58.44,-53.09,-63.76,-62.08,-60.02,-49.80,-62.97,-60.79,-57.54,-59.54,0,-66.69,-68.58,-71.03,-65.39,-67.61,-66.71,-66.54,-59.19,-58.83,-70.86,-63.08,-70.96,-69.13,-56.84,-58.62,-53.54,-60.91,0,-64.04,-70.84,-69.25,-61.98,-71.08,-70.66,-68.15,-69.25,-66.21,-68.10,-65.58,-68.46,-70.30,-71.09,-68.78,-67.68,0,-61.34,-62.59,-62.78,-62.25,-62.98,-63.72,-60.91,-61.11,-51.12,-53.82,-62.51,-54.21,0,-55.15,-61.31,-53.74,-58.83,-59.60,-51.79,-58.82,-60.91,-62.11,-52.36,-61.22,-57.66,-52.69,-59.74,-55.41,0,-61.90,-64.36,-62.81,-51.03,-56.31,-59.99,-57.42,-60.07,-53.40,-60.58,-63.79,-60.59,-50.32,-63.76,-64.41,0,-70.32,-68.82,-62.40,-61.70,-68.43,-68.14,-68.44,-70.77,-58.27,-52.98,-58.37,0,-61.60,-62.08,-56.80,-64.20,-67.61,-60.23,-61.46,-55.22,-65.03,-67.31,0,-63.00,-54.59,-67.83,-67.49,-60.84,-68.01,-56.86,-60.93,-61.89,-65.72,-66.45,-52.28,-61.40,-59.32,-68.27,-58.21,-63.31,-67.58,-62.22,-59.84,0,-55.26,-67.15,-60.25,-67.10,-67.45,-61.92,-59.10,-66.23,-66.75,-46.15,-60.00,-56.20,-67.75,-67.56,-61.09,-63.80,0,-62.75,-68.36,-56.67,-66.03,-58.31,-68.39,-67.28,-57.95,-63.49,-64.74,-60.56,-55.34,-63.65,-63.33,-53.69,-58.24]
,
  "interference": 
[[0,-72.92,-96.69,-111.88,-70.58,-79.43,-93.66,-113.74,-90.06,-94.32,-104.10,-115.84], [-72.92,0,-78.94,-96.69,-79.43,-70.58,-79.43,-99.68,-94.32,-90.06,-94.32,-104.10], [-90.67,-72.92,0,-78.94,-93.66,-79.43,-70.58,-85.45,-104.10,-94.32,-90.06,-94.32], [-105.86,-90.67,-78.94,0,-107.72,-93.66,-79.43,-76.60,-115.84,-104.10,-94.32,-90.06], [-70.58,-79.43,-99.68,-113.74,0,-72.92,-90.67,-111.88,-73.59,-82.44,-96.67,-110.73], [-79.43,-70.58,-85.45,-99.68,-72.92,0,-72.92,-96.69,-82.44,-73.59,-82.44,-96.67], [-93.66,-79.43,-76.60,-85.45,-90.67,-72.92,0,-78.94,-96.67,-82.44,-73.59,-82.44], [-107.72,-93.66,-85.45,-76.60,-105.86,-90.67,-72.92,0,-110.73,-96.67,-82.44,-73.59], [-87.05,-91.31,-107.11,-118.85,-70.58,-79.43,-93.66,-113.74,0,-75.93,-93.68,-108.87], [-91.31,-87.05,-97.33,-107.11,-79.43,-70.58,-79.43,-99.68,-75.93,0,-75.93,-93.68], [-101.09,-91.31,-93.07,-97.33,-93.66,-79.43,-70.58,-85.45,-93.68,-75.93,0,-75.93], [-112.83,-101.09,-97.33,-93.07,-107.72,-93.66,-79.43,-76.60,-108.87,-93.68,-75.93,0]]
}
