{
  "throughput": 
[91.13,5.54,4.99,5.81,5.68,6.50,5.82,5.53,5.68,8.60,7.11,6.77,5.47,6.63,6.91,4.08,22.58,1.46,1.77,0.46,1.69,1.77,1.38,0.15,0.15,1.46,1.23,2.00,1.00,0.23,0.08,2.23,1.61,1.92,2.00,0.00,55.37,4.22,5.84,6.07,0.31,5.91,3.69,3.38,2.92,2.92,6.53,5.91,6.37,1.31,149.22,13.82,14.36,11.67,12.98,13.98,7.37,10.21,12.67,14.59,10.21,13.82,13.52,120.44,7.93,5.68,2.37,4.92,7.32,7.08,8.45,9.60,8.68,8.14,9.06,6.54,7.46,10.44,9.85,6.91,15.82,0.15,0.08,0.38,2.23,0.23,1.92,0.23,3.46,0.84,1.38,2.61,2.30,36.25,3.15,4.45,1.00,3.69,0.54,0.00,3.38,5.22,0.77,2.23,3.69,0.77,3.23,4.15,61.81,3.53,5.61,2.23,4.45,3.92,1.83,4.29,5.15,1.38,5.99,0.15,5.45,0.15,6.14,0.23,5.99,4.38,0.92,75.79,4.99,3.96,4.58,4.84,4.84,5.15,4.53,3.97,4.31,4.92,3.35,5.34,3.69,3.56,5.34,4.20,4.24,48.49,4.84,3.42,3.35,5.07,4.30,4.61,3.42,4.68,2.80,3.63,5.22,3.15,45.52,3.63,0.68,1.26,1.14,2.76,0.42,2.58,3.63,1.32,3.07,3.69,0.66,2.74,4.24,3.53,2.60,2.60,1.32,1.19,2.46,45.18,3.46,2.84,1.30,2.76,3.30,2.10,2.67,3.21,0.75,3.23,3.49,2.26,3.15,3.63,3.35,3.69]
,
  "rssi": 
[0,-60.34,-62.03,-59.72,-60.39,-63.48,-64.59,-52.29,-60.50,-55.88,-59.58,-60.16,-62.95,-61.90,-59.20,-64.02,0,-66.19,-57.15,-64.39,-65.21,-57.79,-67.87,-64.34,-66.75,-52.98,-68.43,-50.61,-66.32,-67.00,-67.00,-66.36,-60.21,-59.58,-62.04,-65.58,0,-63.10,-59.28,-63.37,-66.93,-47.77,-63.99,-65.13,-63.63,-64.26,-57.39,-61.47,-65.04,-66.26,0,-61.47,-50.60,-63.65,-63.30,-53.88,-67.72,-68.75,-57.88,-62.54,-65.37,-70.57,-65.49,0,-59.41,-60.88,-65.25,-61.94,-64.78,-64.98,-57.93,-58.99,-55.16,-47.81,-58.74,-64.56,-59.61,-54.45,-63.42,-49.19,0,-67.93,-66.73,-65.05,-55.64,-65.68,-55.79,-65.08,-53.13,-63.04,-60.86,-56.52,-62.38,0,-64.16,-49.78,-67.93,-59.97,-66.20,-66.11,-60.05,-52.08,-66.49,-60.38,-59.34,-68.40,-64.48,-50.11,0,-67.87,-64.26,-69.62,-70.36,-64.12,-67.26,-67.63,-71.07,-66.91,-63.74,-71.46,-68.91,-70.61,-63.44,-71.37,-64.44,-71.10,-69.09,0,-56.89,-64.06,-61.34,-56.47,-50.23,-55.96,-56.52,-59.60,-61.90,-57.74,-59.79,-60.81,-62.84,-61.23,-60.23,-64.46,-62.15,0,-58.35,-61.32,-63.61,-44.30,-51.08,-56.48,-63.52,-55.89,-60.48,-63.55,-56.72,-65.04,0,-64.00,-63.83,-64.91,-64.64,-56.83,-64.04,-64.75,-59.18,-64.13,-57.15,-61.19,-64.61,-62.87,-62.83,-55.90,-61.73,-59.06,-65.28,-65.43,-64.65,0,-43.12,-55.94,-61.73,-57.80,-64.10,-64.25,-62.68,-62.79,-63.87,-53.61,-63.73,-61.57,-51.66,-62.40,-60.59,-55.82]
,
  "interference": 
[[0,-79.23,-98.91,-119.03,-75.14,-87.26,-102.73,-121.45,-94.18,-98.60,-109.06,-121.99], [-76.22,0,-79.23,-101.93,-84.25,-78.16,-87.26,-105.74,-98.60,-94.18,-98.60,-109.06], [-95.90,-79.23,0,-82.24,-99.72,-87.26,-78.16,-90.27,-109.06,-98.60,-94.18,-98.60], [-113.01,-98.91,-79.23,0,-115.43,-102.73,-87.26,-81.17,-121.99,-109.06,-98.60,-94.18], [-75.14,-87.26,-102.73,-121.45,0,-79.23,-98.91,-119.03,-75.14,-84.25,-99.72,-115.43], [-84.25,-78.16,-87.26,-105.74,-76.22,0,-79.23,-101.93,-84.25,-75.14,-84.25,-99.72], [-99.72,-87.26,-78.16,-90.27,-95.90,-79.23,0,-82.24,-99.72,-84.25,-75.14,-84.25], [-115.43,-102.73,-87.26,-81.17,-113.01,-98.91,-79.23,0,-115.43,-99.72,-84.25,-75.14], [-94.18,-101.61,-112.07,-128.01,-75.14,-87.26,-102.73,-121.45,0,-76.22,-95.90,-113.01], [-98.60,-97.19,-101.61,-115.08,-84.25,-78.16,-87.26,-105.74,-76.22,0,-76.22,-95.90], [-109.06,-101.61,-97.19,-104.62,-99.72,-87.26,-78.16,-90.27,-95.90,-76.22,0,-76.22], [-121.99,-112.07,-101.61,-100.20,-115.43,-102.73,-87.26,-81.17,-113.01,-95.90,-76.22,0]]
}
