{
  "throughput": 
[81.05,2.39,4.04,3.63,4.61,4.51,4.53,3.76,4.15,2.26,3.69,4.61,4.92,5.07,5.15,4.65,5.68,2.23,5.22,2.67,3.28,55.21,3.84,5.40,6.70,4.31,6.07,4.84,5.45,6.91,4.92,6.76,32.35,0.96,1.44,0.09,1.92,0.96,2.60,2.53,2.12,1.92,0.09,2.15,2.38,2.15,2.61,2.15,2.76,1.71,1.80,226.31,19.43,9.45,19.66,11.75,15.44,20.35,21.80,19.96,22.96,23.96,19.12,22.43,72.41,0.08,4.45,5.91,6.68,9.98,0.00,0.00,9.68,6.68,0.00,11.21,9.75,4.99,3.00,94.62,6.53,8.06,5.61,5.22,6.53,5.95,0.82,4.72,6.14,6.22,7.83,3.83,6.76,5.81,1.64,1.37,5.99,5.58,79.75,4.58,4.51,5.38,4.76,4.61,4.76,3.76,5.30,4.17,3.76,5.30,1.46,4.04,1.57,2.67,4.68,5.91,4.45,4.07,23.95,1.08,3.61,0.15,0.00,4.68,0.07,1.69,0.69,2.53,0.92,0.00,0.08,3.23,0.00,0.00,5.22,51.60,2.58,3.15,3.69,3.90,4.38,2.70,3.28,4.31,3.56,4.22,4.07,4.51,3.56,3.69,62.81,3.60,4.51,4.86,5.13,5.47,5.34,6.84,4.72,5.30,5.61,5.22,6.22,95.74,1.64,6.53,4.74,1.02,5.68,5.75,6.60,2.19,6.16,6.84,4.02,5.99,3.97,5.27,6.16,6.53,8.76,7.91,127.73,7.22,8.68,6.22,7.46,6.68,7.14,4.58,6.43,8.52,3.47,5.27,7.99,8.14,6.43,6.84,6.60,6.68,4.86,8.52]
,
  "rssi": 
[0,-62.84,-63.18,-63.85,-58.58,-62.16,-54.21,-63.68,-54.61,-63.12,-59.49,-46.30,-52.31,-52.40,-57.34,-59.53,-49.06,-65.08,-56.59,-61.55,-63.44,0,-64.73,-61.93,-61.90,-63.12,-52.67,-53.73,-54.71,-38.83,-60.98,-44.06,0,-61.50,-63.86,-65.13,-54.46,-60.49,-63.11,-51.63,-62.00,-57.29,-65.24,-55.12,-57.34,-48.00,-53.88,-56.43,-51.66,-61.63,-64.24,0,-66.78,-68.05,-69.21,-70.71,-68.84,-63.51,-68.32,-68.20,-67.69,-64.27,-66.46,-60.58,0,-66.55,-69.34,-69.09,-67.79,-57.78,-65.14,-66.20,-63.24,-71.34,-69.71,-60.62,-54.17,-65.97,-68.39,0,-55.57,-54.90,-63.62,-64.96,-57.41,-63.16,-63.92,-61.66,-54.70,-57.93,-52.44,-62.06,-49.66,-61.93,-65.23,-63.84,-54.24,-64.94,0,-59.78,-63.40,-56.67,-53.42,-58.10,-57.76,-60.89,-58.50,-63.54,-61.94,-56.75,-65.19,-61.69,-62.93,-62.53,-58.63,-44.14,-61.05,-58.35,0,-67.99,-52.14,-65.93,-71.40,-58.58,-68.97,-61.47,-64.60,-59.90,-66.44,-68.62,-69.78,-59.19,-69.01,-71.26,-55.28,0,-64.30,-61.62,-59.44,-62.37,-60.52,-64.35,-61.35,-59.60,-63.86,-53.89,-53.20,-59.87,-62.83,-56.74,0,-64.33,-61.57,-59.18,-60.84,-59.22,-62.16,-56.66,-62.40,-58.34,-57.11,-55.59,-58.57,0,-62.92,-52.89,-64.14,-64.61,-55.52,-62.18,-56.74,-62.05,-59.76,-61.35,-64.78,-56.44,-59.30,-62.06,-59.49,-56.56,-57.67,-58.21,0,-56.73,-53.74,-59.80,-62.39,-44.46,-58.29,-63.82,-62.14,-53.00,-65.21,-62.41,-52.46,-61.19,-61.30,-52.18,-56.63,-58.57,-64.63,-56.44]
,
  "interference": 
[[0,-79.34,-100.95,-126.00,-85.36,-88.83,-105.59,-128.97,-100.95,-105.59,-116.81,-130.96], [-79.34,0,-79.34,-106.97,-94.85,-79.34,-88.83,-111.61,-105.59,-100.95,-105.59,-116.81], [-100.95,-79.34,0,-85.36,-111.61,-88.83,-79.34,-94.85,-116.81,-105.59,-100.95,-105.59], [-119.98,-100.95,-79.34,0,-128.97,-105.59,-88.83,-85.36,-130.96,-116.81,-105.59,-100.95], [-79.34,-88.83,-105.59,-128.97,0,-79.34,-100.95,-126.00,-79.34,-88.83,-105.59,-122.95], [-88.83,-79.34,-88.83,-111.61,-85.36,0,-79.34,-106.97,-88.83,-79.34,-88.83,-105.59], [-105.59,-88.83,-79.34,-94.85,-106.97,-79.34,0,-85.36,-105.59,-88.83,-79.34,-88.83], [-122.95,-105.59,-88.83,-85.36,-126.00,-100.95,-79.34,0,-122.95,-105.59,-88.83,-79.34], [-100.95,-105.59,-116.81,-136.98,-85.36,-88.83,-105.59,-128.97,0,-79.34,-100.95,-119.98], [-105.59,-100.95,-105.59,-122.83,-94.85,-79.34,-88.83,-111.61,-79.34,0,-79.34,-100.95], [-116.81,-105.59,-100.95,-111.61,-111.61,-88.83,-79.34,-94.85,-100.95,-79.34,0,-79.34], [-130.96,-116.81,-105.59,-106.97,-128.97,-105.59,-88.83,-85.36,-119.98,-100.95,-79.34,0]]
}
